5.000000000000000000e+00 3.512245766369548328e-02 4.659148617397912417e-03 2.112595902592773189e-02
6.000000000000000000e+00 6.130788066941517123e-02 1.446522012699513748e-01 6.285331612241408239e-01
7.000000000000000000e+00 7.128973041999886462e-02 5.271613842363620517e-02 6.613905527872265822e-02
8.000000000000000000e+00 4.074118381734592731e-02 8.930892516178023932e-02 2.842861370138982657e-01
9.000000000000000000e+00 8.064684678771549819e-02 7.883048537988923687e-02 1.192020708414863739e-01
1.000000000000000000e+01 2.058129235374872579e-02 7.329605457772792043e-02 1.571846315436332686e-01
1.100000000000000000e+01 2.067081105581969336e-02 7.492317978385443222e-02 1.175855094783075927e-01
1.200000000000000000e+01 8.060717496390923387e-03 7.116362605982229361e-02 6.710861264027567774e-02
1.300000000000000000e+01 8.210872096912180673e-03 6.171713424894209599e-02 2.843311304744955414e-02
1.400000000000000000e+01 6.435271225688543595e-03 5.430780346164387762e-02 6.728090764213112696e-02
1.500000000000000000e+01 4.373940485946081758e-03 5.369304575154709713e-02 4.397265449798637427e-02
1.600000000000000000e+01 2.551931902166626465e-03 5.013255950401895866e-02 3.477169587065631617e-02
1.700000000000000000e+01 2.951116555475752357e-03 4.485911989616397921e-02 3.239132286181145570e-02
1.800000000000000000e+01 6.848279905444787374e-04 4.271768492741023771e-02 1.865658348498899777e-02
1.900000000000000000e+01 1.365990755643253785e-03 4.107482078122370872e-02 1.270694132830407774e-02
2.000000000000000000e+01 5.842347095934563583e-04 3.934391820055482825e-02 1.091121922581927972e-02
2.100000000000000000e+01 2.420701550250869971e-04 3.747792466365351682e-02 5.284808624998027504e-03
2.200000000000000000e+01 2.449714382225520737e-04 3.552312821364500550e-02 5.953988777271046473e-03
2.300000000000000000e+01 2.261770326489331850e-04 3.348634787717208461e-02 4.979836450991648178e-03
2.400000000000000000e+01 9.377479827166190773e-05 3.139150742991825283e-02 4.507850213059771960e-03
2.500000000000000000e+01 9.851422303208678954e-05 2.927352191928123126e-02 3.869169250809822991e-03
2.600000000000000000e+01 5.013887194593724672e-05 2.715970564784930819e-02 3.184524760841522806e-03
2.700000000000000000e+01 3.754750969675590966e-05 2.508073011292799581e-02 2.664171819099947491e-03
2.800000000000000000e+01 2.517303604121501337e-05 2.306430709563433989e-02 2.349189301951604136e-03
2.900000000000000000e+01 1.746822202497444465e-05 2.113341078967745368e-02 2.155638314159991076e-03
3.000000000000000000e+01 1.600494856790479759e-05 1.930736798223864348e-02 1.966343887790933387e-03
3.100000000000000000e+01 5.817674495145475078e-06 1.811403421087320886e-02 1.731764834584592627e-03
3.200000000000000000e+01 1.245386735315712201e-05 1.771088159359734959e-02 1.482072575436310657e-03
3.300000000000000000e+01 3.479775689818609408e-06 1.702043151052690106e-02 1.237382373060258445e-03
3.400000000000000000e+01 4.395648432908849657e-06 1.612891278699257747e-02 1.194359761607644010e-03
3.500000000000000000e+01 1.680320393604439744e-06 1.510587643945515701e-02 1.106683469555225230e-03
3.600000000000000000e+01 1.051314070132924883e-06 1.400565699448041990e-02 9.934899780862371799e-04
3.700000000000000000e+01 5.876099099522136271e-07 1.286958498009715957e-02 8.692693807835771835e-04
3.800000000000000000e+01 1.051901326709625550e-06 1.172835918461734295e-02 7.441710785386357330e-04
3.900000000000000000e+01 5.951164663287045187e-07 1.078205055815972813e-02 6.862769910839228160e-04
4.000000000000000000e+01 9.037832023883751731e-07 1.101451007605280807e-02 6.583752327615766120e-04
4.100000000000000000e+01 3.552456666611192304e-07 1.103905931714765920e-02 6.127298361418009875e-04
4.200000000000000000e+01 7.187883036552378258e-07 1.089271213470333066e-02 5.565329457957179926e-04
4.300000000000000000e+01 1.055770710856052119e-07 1.060953893680793847e-02 4.953095428590348348e-04
4.400000000000000000e+01 3.191760385989894644e-07 1.021996855841389440e-02 4.331121940613913424e-04
4.500000000000000000e+01 5.348810683258875542e-08 9.750538638672145986e-03 4.006413461403734999e-04
4.600000000000000000e+01 6.719650524900089295e-08 9.223949082394322652e-03 3.769028170523824883e-04
4.700000000000000000e+01 5.128810942611750079e-08 8.659302431130444511e-03 3.473285287790561782e-04
4.800000000000000000e+01 6.387238482563617481e-08 8.072443969901033078e-03 3.145403922480971559e-04
4.900000000000000000e+01 4.707276379800617860e-08 7.476340907550560466e-03 2.805488483638152175e-04
5.000000000000000000e+01 8.542727369942326732e-08 7.114183952271924127e-03 2.647865782283709279e-04
