5 0.03512245766369548 0.004659148617397912 0.021125959025927732
6 0.06130788066941517 0.14465220126995137 0.6285331612241408
7 0.07128973041999886 0.052716138423636205 0.06613905527872266
8 0.04074118381734593 0.08930892516178024 0.28428613701389827
9 0.0806468467877155 0.07883048537988924 0.11920207084148637
10 0.020581292353748726 0.07329605457772792 0.15718463154363327
11 0.020670811055819693 0.07492317978385443 0.11758550947830759
12 0.008060717496390923 0.0711636260598223 0.06710861264027568
13 0.00821087209691218 0.061717134248942096 0.028433113047449554
14 0.006435271225688544 0.05430780346164388 0.06728090764213113
15 0.004373940485946082 0.0536930457515471 0.043972654497986374
16 0.0025519319021666265 0.05013255950401896 0.034771695870656316
17 0.0029511165554757524 0.04485911989616398 0.032391322861811456
18 0.0006848279905444787 0.04271768492741024 0.018656583484988998
19 0.0013659907556432538 0.04107482078122371 0.012706941328304078
20 0.0005842347095934564 0.03934391820055483 0.01091121922581928
21 0.000242070155025087 0.03747792466365352 0.0052848086249980275
22 0.0002449714382225521 0.035523128213645006 0.0059539887772710465
23 0.00022617703264893319 0.033486347877172085 0.004979836450991648
24 9.377479827166191e-05 0.03139150742991825 0.004507850213059772
25 9.851422303208679e-05 0.02927352191928123 0.003869169250809823
26 5.013887194593725e-05 0.027159705647849308 0.003184524760841523
27 3.754750969675591e-05 0.025080730112927996 0.0026641718190999475
28 2.5173036041215013e-05 0.02306430709563434 0.002349189301951604
29 1.7468222024974445e-05 0.021133410789677454 0.002155638314159991
30 1.6004948567904798e-05 0.019307367982238643 0.0019663438877909334
31 5.817674495145475e-06 0.01811403421087321 0.0017317648345845926
32 1.2453867353157122e-05 0.01771088159359735 0.0014820725754363107
33 3.4797756898186094e-06 0.0170204315105269 0.0012373823730602584
34 4.39564843290885e-06 0.016128912786992577 0.001194359761607644
35 1.6803203936044397e-06 0.015105876439455157 0.0011066834695552252
36 1.0513140701329249e-06 0.01400565699448042 0.0009934899780862372
37 5.876099099522136e-07 0.01286958498009716 0.0008692693807835772
38 1.0519013267096256e-06 0.011728359184617343 0.0007441710785386357
39 5.951164663287045e-07 0.010782050558159728 0.0006862769910839228
40 9.037832023883752e-07 0.011014510076052808 0.0006583752327615766
41 3.5524566666111923e-07 0.01103905931714766 0.000612729836141801
42 7.187883036552378e-07 0.01089271213470333 0.000556532945795718
43 1.0557707108560521e-07 0.010609538936807938 0.0004953095428590348
44 3.1917603859898946e-07 0.010219968558413894 0.00043311219406139134
45 5.3488106832588755e-08 0.009750538638672146 0.0004006413461403735
46 6.719650524900089e-08 0.009223949082394323 0.0003769028170523825
47 5.12881094261175e-08 0.008659302431130445 0.0003473285287790562
48 6.387238482563617e-08 0.008072443969901033 0.00031454039224809716
49 4.707276379800618e-08 0.0074763409075505605 0.0002805488483638152
50 8.542727369942327e-08 0.007114183952271924 0.00026478657822837093
51 3.4877128962662596e-08 0.0071347628453106715 0.00025292323275738493
52 6.679111785867775e-08 0.0070716343937430315 0.00023709680858285953
53 1.4014183702393268e-08 0.0069385172357925295 0.00021876562093403606
54 3.357884770238684e-08 0.006748160584415852 0.00019909909302484596
55 2.6594682012159865e-09 0.006512176447623141 0.0001790048723795401
56 8.415694141561403e-09 0.006240961709288562 0.00016943964863214145
57 5.2259572225210604e-09 0.0059436858549769545 0.0001602020079221056
58 5.105576295072467e-09 0.005628324592941603 0.00014939597355034806
59 5.887354714850801e-09 0.005301723839287953 0.00013764848156383458
60 9.121677635448577e-09 0.004969682252252694 0.0001254744487091397
61 4.450093071817207e-09 0.004894311417045327 0.00012135638235111212
62 7.470873031323322e-09 0.004856802369755053 0.00011572199548459672
63 2.1011651307745183e-09 0.004782591869254449 0.00010900995577201034
64 4.050514701425811e-09 0.004677453844824431 0.00010159225599748467
65 4.3108872027630696e-10 0.004546770126090172 9.377687097722465e-05
66 1.2046164066248366e-09 0.00439547984509403 8.694103101736239e-05
67 5.534761537973054e-10 0.0042280536219528875 8.331081134071994e-05
68 4.290010569008018e-10 0.004048486983586286 7.898278030082917e-05
69 7.381238953385605e-10 0.003860308267537249 7.417294601785862e-05
70 6.182870881943359e-10 0.0036671900390795598 6.906353285474065e-05
71 3.699380801691632e-10 0.0035267458982805033 6.53084952653149e-05
72 5.386759927006324e-10 0.0035007626890567467 6.288885517080622e-05
73 1.9057144751144506e-10 0.0034546215202073682 5.998706635701456e-05
74 3.116509272871326e-10 0.0033911221814900694 5.6737808987183946e-05
75 4.677436216127262e-11 0.0033129093315075187 5.3257160248509905e-05
76 1.0484402235277912e-10 0.0032224478123447087 4.964335125845487e-05
77 3.70581343389631e-11 0.0031220074916851193 4.746362787733105e-05
78 2.0662138666693863e-11 0.003013655877724508 4.546197070964819e-05
79 5.853106888054072e-11 0.0028992569299230997 4.3218040350567755e-05
80 2.266697940456197e-11 0.0027807230782623815 4.08043322506213e-05
81 1.639033353484365e-11 0.0026589937274982267 3.828487084189813e-05
82 2.0909496356580348e-11 0.0026271600840964693 3.705606465731481e-05
83 8.904432746703606e-12 0.0025963403468572954 3.563679496054739e-05
84 1.2702616736248729e-11 0.002555290972159008 3.404077783430992e-05
85 2.5183188867572426e-12 0.002505391787456235 3.2316561056178195e-05
86 4.724443058989891e-12 0.002447943080083226 3.0506488171266888e-05
87 1.2508882818451639e-12 0.002384157823542621 2.8987739918329147e-05
88 6.685763054292693e-13 0.002315157097501075 2.7958763953339627e-05
89 2.4058532943627142e-12 0.002241968145826445 2.680273494615193e-05
90 2.3833157669628235e-12 0.0021655245682992152 2.5551868849449377e-05
91 2.082445327289406e-12 0.0020866681986031477 2.4234597715722117e-05
92 2.379763053284023e-12 0.0020376751711128627 2.323052786934454e-05
93 1.1980416658730064e-12 0.0020160755321046997 2.247027651636202e-05
94 1.5374368445009168e-12 0.001988138283943841 2.161530040112325e-05