244 0.7363638869851313 2 2 2 2 2 2 2 2 2 2 2 2 2 2 2 2 2 2 2 2 3
253 0.28341323088055487 2 2 2 2 2 2 2 2 2 2 2 2 2 2 2 2 2 2 2 2 4
264 0.10564474610770089 2 2 2 2 2 2 2 2 2 2 2 2 2 2 2 2 2 2 2 2 5
277 0.071899026172849 2 2 2 2 2 2 2 2 2 2 2 2 2 2 2 2 2 2 2 2 6
292 0.05784797429278852 2 2 2 2 2 2 2 2 2 2 2 2 2 2 2 2 2 2 2 2 7
309 0.049843677616421105 2 2 2 2 2 2 2 2 2 2 2 2 2 2 2 2 2 2 2 3 7
332 0.02932437519887197 2 2 2 2 2 2 2 2 2 2 2 2 2 2 2 2 2 2 3 3 7
347 0.014240370439167047 2 2 2 2 2 2 2 2 2 2 2 2 2 2 2 2 2 3 3 3 7
362 0.009539553966193185 2 2 2 2 2 2 2 2 2 2 2 2 2 2 2 2 3 3 3 3 7
377 0.00698344876555498 2 2 2 2 2 2 2 2 2 2 2 2 2 2 2 3 3 3 3 3 7
392 0.004601257503777564 2 2 2 2 2 2 2 2 2 2 2 2 2 2 2 3 3 3 4 3 7
411 0.0033537389070003674 2 2 2 2 2 2 2 2 2 2 2 2 2 2 3 3 3 3 4 3 7
426 0.0023901633576543374 2 2 2 2 2 2 2 2 2 2 2 2 2 2 3 3 3 3 4 3 8
447 0.0017562922490837072 2 2 2 2 2 2 2 2 2 2 2 2 2 3 3 3 3 3 4 3 8
462 0.00123140965444761 2 2 2 2 2 2 2 2 2 2 2 2 2 3 3 3 4 3 4 3 8
481 0.0009225287848673143 2 2 2 2 2 2 2 2 2 2 2 2 3 3 3 3 4 3 4 3 8
496 0.0007596763327248934 2 2 2 2 2 2 2 2 2 2 2 3 3 3 3 3 4 3 4 3 8
511 0.0006226641227756054 2 2 2 2 2 2 2 2 2 2 2 3 3 3 4 3 4 3 4 3 8
530 0.0004911758139665244 2 2 2 2 2 2 2 2 2 2 2 3 3 3 4 3 4 3 4 3 9
553 0.00036143366706964126 2 2 2 2 2 2 2 2 2 2 2 3 3 3 4 3 4 3 4 4 9
586 0.0002688114706670239 2 2 2 2 2 2 2 2 2 2 2 3 3 3 4 3 4 4 4 4 9
609 0.00019370955225475123 2 2 2 2 2 2 2 2 2 2 3 3 3 3 4 3 4 4 4 4 9
624 0.00015395077170595869 2 2 2 2 2 2 2 2 2 3 3 3 3 3 4 3 4 4 4 4 9
639 0.00012201082076367302 2 2 2 2 2 2 2 2 2 3 3 3 4 3 4 3 4 4 4 4 9
658 9.746259148151982e-05 2 2 2 2 2 2 2 2 2 3 3 3 4 3 4 3 4 4 4 4 10
685 7.804119373264209e-05 2 2 2 2 2 2 2 2 3 3 3 3 4 3 4 3 4 4 4 4 10
700 5.9640916076164075e-05 2 2 2 2 2 2 2 2 3 3 3 3 4 3 4 4 4 4 4 4 10
723 4.9572024889363884e-05 2 2 2 2 2 2 2 3 3 3 3 3 4 3 4 4 4 4 4 4 10
738 4.157386403953401e-05 2 2 2 2 2 2 2 3 3 3 4 3 4 3 4 4 4 4 4 4 10
757 3.4808695105313616e-05 2 2 2 2 2 2 2 3 3 3 4 3 4 3 4 4 4 4 4 4 11
786 2.9730391133215885e-05 2 2 2 2 2 2 3 3 3 3 4 3 4 3 4 4 4 4 4 4 11
801 2.5252189714894007e-05 2 2 2 2 2 2 3 3 3 3 4 3 4 4 4 4 4 4 4 4 11
824 2.0848301684033855e-05 3 2 2 2 2 2 3 3 3 3 4 3 4 4 4 4 4 4 4 4 11
833 1.7123140802881705e-05 4 2 2 2 2 2 3 3 3 3 4 3 4 4 4 4 4 4 4 4 11
844 1.4643539092325891e-05 4 2 2 2 2 3 3 3 3 3 4 3 4 4 4 4 4 4 4 4 11
859 1.2666636258373352e-05 4 2 2 2 2 3 3 3 4 3 4 3 4 4 4 4 4 4 4 4 11
878 1.1054844305448417e-05 4 2 2 2 2 3 3 3 4 3 4 3 4 4 4 4 4 4 4 4 12
909 9.814691745603078e-06 4 2 2 2 3 3 3 3 4 3 4 3 4 4 4 4 4 4 4 4 12
924 8.69498216336088e-06 4 2 2 2 3 3 3 3 4 3 4 4 4 4 4 4 4 4 4 4 12
947 7.61023158973642e-06 4 2 2 2 3 3 3 3 4 3 4 4 4 4 4 4 4 4 4 4 13
980 6.891476690779415e-06 4 2 2 2 3 3 3 3 4 3 4 4 4 4 4 4 4 4 4 5 13
1023 5.651810107131733e-06 4 2 2 2 3 3 3 3 4 3 4 4 4 4 4 4 4 4 5 5 13
1050 5.02969729227887e-06 4 2 2 3 3 3 3 3 4 3 4 4 4 4 4 4 4 4 5 5 13
1065 4.459692416872133e-06 5 2 2 3 3 3 3 3 4 3 4 4 4 4 4 4 4 4 5 5 13
1078 3.806410940935753e-06 6 2 2 3 3 3 3 3 4 3 4 4 4 4 4 4 4 4 5 5 13
1093 3.3221855975009254e-06 6 2 2 3 3 3 4 3 4 3 4 4 4 4 4 4 4 4 5 5 13
1112 2.8929584722823087e-06 6 2 2 3 3 3 4 3 4 3 4 4 4 4 4 4 4 4 5 5 14
1149 2.5734308658317493e-06 6 2 3 3 3 3 4 3 4 3 4 4 4 4 4 4 4 4 5 5 14
1164 2.2976290801202853e-06 6 2 3 3 3 3 4 3 4 4 4 4 4 4 4 4 4 4 5 5 14
1187 2.0944697263727467e-06 6 2 3 3 3 3 4 3 4 4 4 4 4 4 4 4 4 4 5 5 15
1226 1.9429071339462646e-06 6 2 3 3 3 3 4 3 4 4 4 4 4 4 4 4 4 4 5 5 16
1267 1.7984101397064363e-06 7 2 3 3 3 3 4 3 4 4 4 4 4 4 4 4 4 4 5 5 16
1284 1.5463130644078727e-06 8 2 3 3 3 3 4 3 4 4 4 4 4 4 4 4 4 4 5 5 16
1303 1.4206142133937672e-06 8 3 3 3 3 3 4 3 4 4 4 4 4 4 4 4 4 4 5 5 16
1330 1.311140455968248e-06 8 3 3 3 4 3 4 3 4 4 4 4 4 4 4 4 4 4 5 5 16
1349 1.2212797383776518e-06 9 3 3 3 4 3 4 3 4 4 4 4 4 4 4 4 4 4 5 5 16
1372 1.1337041658266258e-06 10 3 3 3 4 3 4 3 4 4 4 4 4 4 4 4 4 4 5 5 16
1397 1.061310136155836e-06 10 3 3 3 4 3 4 3 4 4 4 4 4 4 4 4 4 4 5 5 17
1440 9.921287727025988e-07 10 3 3 3 4 3 4 3 4 4 4 4 4 4 4 4 4 5 5 5 17
1467 8.459933796953486e-07 10 3 3 3 4 3 4 3 4 4 4 4 4 4 4 4 5 5 5 5 17
1494 7.783451352723116e-07 10 3 3 3 4 3 4 3 4 4 4 4 4 4 4 4 5 5 5 5 18
1539 7.107745683532667e-07 10 3 3 3 4 3 4 4 4 4 4 4 4 4 4 4 5 5 5 5 18
1562 6.480201248597346e-07 10 3 3 3 4 3 4 4 4 4 4 4 4 4 4 5 5 5 5 5 18
1589 5.944852610349505e-07 10 3 3 3 4 3 4 4 4 4 4 4 4 4 4 5 5 5 6 5 18
1620 5.47525325340201e-07 11 3 3 3 4 3 4 4 4 4 4 4 4 4 4 5 5 5 6 5 18
1647 4.988474597706661e-07 12 3 3 3 4 3 4 4 4 4 4 4 4 4 4 5 5 5 6 5 18
1676 4.6772968739473683e-07 12 3 3 3 4 3 4 4 4 4 4 4 4 4 4 5 5 5 6 5 19
1723 4.352336277625763e-07 12 3 3 3 4 3 4 4 4 4 4 4 4 4 4 5 5 5 6 5 20
1772 4.048129646528543e-07 12 3 3 3 4 3 4 4 4 4 4 4 4 4 5 5 5 5 6 5 20
1799 3.7716113015599826e-07 13 3 3 3 4 3 4 4 4 4 4 4 4 4 5 5 5 5 6 5 20
1830 3.472409421793905e-07 14 3 3 3 4 3 4 4 4 4 4 4 4 4 5 5 5 5 6 5 20
1863 3.228123610559564e-07 14 3 3 3 4 3 4 4 4 4 4 4 4 4 5 5 5 5 6 6 20
1926 3.0223252175804627e-07 14 3 4 3 4 3 4 4 4 4 4 4 4 4 5 5 5 5 6 6 20
1945 2.826970104194196e-07 14 3 4 3 4 3 4 4 4 4 4 4 4 4 5 5 5 5 6 6 21
1998 2.642804470598074e-07 15 3 4 3 4 3 4 4 4 4 4 4 4 4 5 5 5 5 6 6 21
2033 2.45760762268247e-07 16 3 4 3 4 3 4 4 4 4 4 4 4 4 5 5 5 5 6 6 21
2070 2.2928519102754624e-07 16 3 4 3 4 4 4 4 4 4 4 4 4 4 5 5 5 5 6 6 21
2093 2.1425657741857847e-07 16 3 4 3 4 4 4 4 4 4 4 4 4 5 5 5 5 5 6 6 21
2120 2.0089484549122712e-07 16 3 4 3 4 4 4 4 4 4 4 4 4 5 5 5 5 5 6 6 22
2175 1.8847020276079394e-07 17 3 4 3 4 4 4 4 4 4 4 4 4 5 5 5 5 5 6 6 22
2214 1.7569278164080143e-07 18 3 4 3 4 4 4 4 4 4 4 4 4 5 5 5 5 5 6 6 22
2255 1.650540590461388e-07 18 3 4 3 4 4 4 4 4 4 4 4 4 5 5 5 5 5 6 6 23
2312 1.5625500554929391e-07 19 3 4 3 4 4 4 4 4 4 4 4 4 5 5 5 5 5 6 6 23
2355 1.4703521795889332e-07 20 3 4 3 4 4 4 4 4 4 4 4 4 5 5 5 5 5 6 6 23
2400 1.3950014658370867e-07 20 3 4 3 4 4 4 4 4 4 4 4 5 5 5 5 5 5 6 6 23
2427 1.321426016381453e-07 20 3 4 3 4 4 4 4 4 4 4 4 5 5 5 5 5 5 6 6 24
2486 1.256847448347785e-07 21 3 4 3 4 4 4 4 4 4 4 4 5 5 5 5 5 5 6 6 24
2533 1.1881516985338894e-07 22 3 4 3 4 4 4 4 4 4 4 4 5 5 5 5 5 5 6 6 24
2582 1.1264369278781291e-07 22 3 4 3 4 4 4 4 4 4 4 4 5 5 5 5 5 5 6 6 25
2643 1.0654405808405159e-07 22 3 4 3 4 4 4 4 4 4 4 4 5 5 5 5 6 5 6 6 25
2674 1.0166455606057458e-07 23 3 4 3 4 4 4 4 4 4 4 4 5 5 5 5 6 5 6 6 25
2725 9.64088618495909e-08 24 3 4 3 4 4 4 4 4 4 4 4 5 5 5 5 6 5 6 6 25
2778 9.214439898582587e-08 24 3 4 3 4 4 4 4 4 4 4 4 5 5 5 5 6 5 6 6 26
2841 8.79708067842771e-08 24 3 4 4 4 4 4 4 4 4 4 4 5 5 5 5 6 5 6 6 26
2864 8.419791825683172e-08 24 3 4 4 4 4 4 4 4 4 4 4 5 5 5 5 6 5 6 6 27
2929 8.043909764698103e-08 24 3 4 4 4 4 4 4 4 4 4 5 5 5 5 5 6 5 6 6 27
2956 7.669741042502337e-08 25 3 4 4 4 4 4 4 4 4 4 5 5 5 5 5 6 5 6 6 27
3011 7.25862649544985e-08 26 3 4 4 4 4 4 4 4 4 4 5 5 5 5 5 6 5 6 6 27
3068 6.963115295742256e-08 27 3 4 4 4 4 4 4 4 4 4 5 5 5 5 5 6 5 6 6 27
3127 6.635521187473083e-08 28 3 4 4 4 4 4 4 4 4 4 5 5 5 5 5 6 5 6 6 27