reg_32 16
5.899550614325259e-02
3.082757062227814e-01
7.463707253079130e-01
1.35599372649466
2.112943217346336
2.98724149654594
3.944798920961176
4.950269202842798
5.972123043117706
6.989783558137742
7.997673019512965
8.999694932747039
9.999979225211805
1.099999938266130e+01
1.199999999462073e+01
1.3e+01

1.511076023874179e-01
3.459395921169090e-01
5.273502805146873e-01
6.878444094543021e-01
8.210319140034114e-01
9.218382875515803e-01
9.873027487553060e-01
1.018251913441155
1.021933430349293
1.012567983413513
1.004052289554521
1.000713413344501
1.000063618302950
1.000002486385216
1.000000030404477
1.000000000020760

reg_22 22
0.0507883298171283148473166903540827507594099578342961751457936200117365833222
0.266498207727763565719976246846961332865717601457120304952255022419567396002
0.650099585796303725647648886463369861571865558318714649345078194474153193725
1.19408988956988321554581223365371036542728642948040031186412720002190811650
1.88770084460348793317356919461977908420106149974796629575742702710011711552
2.71716044425608794685281916044894793504267866108072208854081433123976228016
3.66594306897572088713853711408731716504668380750542624514538379405259129071
4.71505585824059572886734747204707108101674921445749865054026962900320718584
5.84335530761101372934927362587656488326536500100344908831484774983463504782
7.02788464186838093268441737034426278970347523742503679087189472705273319832
8.24423365972703666008016063637346040857629168331237335193281666214568940564
9.46698267687080866469877030773501057262061746106639983358381129615710868250
10.6705346324036012558219752898251228372663776381927363503964210871325473267
11.8314177851319485600105333076803415940534491372008336088962326200844558156
12.9344507600873696874744046038759649308207484248241916979935182346895697161
13.9825606958997448076108882893467266611697343822501054570976173776808026943
14.9971085394171597116766369313875488017684793333297356612353278799483573029
15.9997198254968315727946068607277195926068421386308144586272441751076484823
16.9999850972189964418821064261309347093663079691672054883063018706604853129
17.9999996097319647824758923149607596116331663554566442395604869616399948988
18.9999999959673183724687095858878517917526467617705563990113574118717685456
19.9999999999906580687671662705236372935862079150419796503779583711502283936

0.130213274865083671758019725361438325260575417095276302963300148034609687447
0.300614561425738779847747548565085572906894562100099598744322422032757031804
0.465328808208707542857100547790032255551639668682988851719847335631013683082
0.620853398612537118098121236466749474466682649546769801249777224853416503981
0.764069030193969698381338643107257504196085977850204691745893751419002035028
0.892091106432841644161559742274857644233699584312387386485420110670875633496
1.00230336348771154006431821226246547263331619250591705761361851752453254281
1.09239266498976544549612229941918017690272887901108539542694158924231014688
1.16037419884801939600494044390497510628506910981761496266480795116084360083
1.20460923511375458326268263995953252145698600072234569106633307933075061965
1.22384046281987664690938681811965393079849848083347021024787008120441022058
1.21735931653630650637141024916019484166755306518175384399708521027821851158
1.18573609263808914612975224197456649694719341019881202249463857796907528551
1.13330270673221159767117925050890596228357952895762092110723733698185066649
1.07319278031604222177950564645682254577680626988414631149518354741878953388
1.02698799184036630428091148880929404119590943511229872831438693333330112717
1.00594634389215490669063054354208113527008084788606684451544421540841920629
1.00073442126963296210841298318421698729863661029336319835097878240819443767
1.00004863810627775444906418374072367081838546381731950297488084222828744838
1.00000158275783104284514598779899327712749096506028626146954203033933581399
1.00000002084512925013484889007733454450289366094769871169275990585328381019
1.00000000006795224069780067751563851241929422018247370365973040667672245325

log_16 15
8.371529832014113e-04
1.239382725542637e-02
6.009290785739468e-02
1.805991249601928e-01
4.142832599028031e-01
7.964747731112430e-01
1.348993882467059e+00
2.073471660264395e+00
2.947904939031494e+00
3.928129252248612e+00
4.957203086563112e+00
5.986360113977494e+00
6.997957704791519e+00
7.999888757524622e+00
8.999998754306120e+00

3.190919086626234e-03
2.423621380426338e-02
7.740135521653088e-02
1.704889420286369e-01
3.029123478511309e-01
4.652220834914617e-01
6.401489637096768e-01
8.051212946181061e-01
9.362411945698647e-01
1.014359775369075e+00
1.035167721053657e+00
1.020308624984610e+00
1.004798397441514e+00
1.000395017352309e+00
1.000007149422537e+00