16 0.9999999999999833 2 3 0.4999999999999969 0.49999999999998646
25 0.8476080246913457 3 3 0.5742669753086402 0.27334104938271403
36 0.44444444444444003 3 4 0.22222222222222276 0.22222222222221727
49 0.37676022376542184 4 4 0.23901668595680836 0.1377435378086483
64 0.250000000000012 4 5 0.12500000000000933 0.12500000000000266
81 0.2153781249999923 5 5 0.13075156250001907 0.08462656249999634
100 0.15999999999998504 5 6 0.07999999999999474 0.07999999999999029
121 0.14011172839501015 5 7 0.08248179012343182 0.057629938271578335
144 0.11111111111108546 6 7 0.0803137242887193 0.0405932881690966
169 0.09868010885379239 7 7 0.05679740244548537 0.04188270640830887
196 0.08163265306122469 7 8 0.04081632653060807 0.04081632653061663
225 0.0733589703020884 8 8 0.04150535523127563 0.0318536150709004
256 0.06250000000006438 8 9 0.031250000000035305 0.031250000000029074
289 0.056721019119859425 8 10 0.03166260361000739 0.025058415509852033
324 0.04938271604940819 9 10 0.03128836708193816 0.019969348677019126
361 0.045189308032314565 9 11 0.024953364578585546 0.02023594345372902
400 0.039999999999981634 10 11 0.024713703140512244 0.016510661619204607
441 0.03686176149167687 11 11 0.020174306741330472 0.01668745475035647
484 0.03305785123964398 11 12 0.01652892561981356 0.016528925619830416
529 0.030648688933011835 11 13 0.016649362901537845 0.013999326031473988
576 0.027777777777830363 12 13 0.016537726964049648 0.011826876559118994
625 0.025888365027756356 13 13 0.013974759774126877 0.01191360525363674
676 0.02366863905327913 13 14 0.011834319526637493 0.011834319526641634
729 0.022159657608106786 14 14 0.011897187088832473 0.010262470519333931
784 0.020408163265319607 14 15 0.010204081632640971 0.010204081632678635
841 0.019183997665528987 14 16 0.010251160910273338 0.008932836755255651
900 0.01777777777774096 15 16 0.010206910206822073 0.007810025732445764
961 0.016771050497902017 16 16 0.008924840931820555 0.007846209566095207
1024 0.015624999999990098 16 17 0.007812499999990896 0.007812499999999203
1089 0.014787130138550967 17 17 0.007840427387692639 0.006946702750892489
1156 0.013840830449871819 17 18 0.006920415224934695 0.006920415224937123
1225 0.013136078103132377 18 18 0.006942437675419466 0.006193640427725265
1296 0.012345679012402997 18 19 0.006172839506184857 0.006172839506218141
1369 0.011747279301339439 18 20 0.00619043878173553 0.005556840519603908
1444 0.011080332409959783 19 20 0.006173693346616771 0.00499923165581934
1521 0.010567921732675678 19 21 0.0055543993413229575 0.005013522391352721
1600 0.010000000000036528 20 21 0.0055408249643427165 0.004534551446526472
1681 0.009557863637709014 21 21 0.005011634820713429 0.004546228817020675
1764 0.009070294784579283 21 22 0.004535147392277894 0.004535147392301388
1849 0.008686149509229711 22 22 0.004544750776421358 0.00414139873284556
1936 0.008264462809931754 22 23 0.00413223140495278 0.004132231404978974
2025 0.007928595708441438 22 24 0.004140228060911966 0.003788367647529471
2116 0.007561436672983593 23 24 0.004132556585482838 0.0034719241646337306
2209 0.007266085894610159 24 24 0.0037874307218965786 0.003478655172750488
2304 0.006944444444504437 24 25 0.0034722222222560717 0.003472222222248365
2401 0.006683347226110851 24 26 0.003477898150090253 0.0032054490760205978
2500 0.006400000000056395 25 26 0.0034724357332003297 0.0029583828072470876
2601 0.006168058264068146 25 27 0.003204832045107242 0.0029632262189609048
2704 0.005917159763330805 26 27 0.003200175198488475 0.002743322013436755
2809 0.0057101895977143225 27 27 0.002962719228219779 0.002747470369541035
2916 0.005486968449970146 27 28 0.0027434842249633995 0.0027434842250067463
3025 0.005301510262067384 27 29 0.002747050684851926 0.0025544595772154584
3136 0.0051020408163879455 28 29 0.0027436048176592287 0.002378009013357563
3249 0.004935213932878732 29 29 0.0025541097609234065 0.0023811041719756154
3364 0.004756242568394024 29 30 0.0023781212841786914 0.0023781212842153327
3481 0.004605632777038134 30 30 0.0023808107180729454 0.0022248220589920465
3600 0.004444444444487172 30 31 0.0022222222222272325 0.00222222222225994
3721 0.00430801621736622 30 32 0.002224574411930247 0.0020834418054359737
3844 0.004162330905314203 31 32 0.0022222944485130736 0.001953057290181653
3969 0.004038358302651632 32 32 0.0020832316458865296 0.0019551266567710683
4096 0.003906250000061581 32 33 0.001953125000010658 0.0019531250000509224
4225 0.0037932618455567787 33 33 0.0019549473761197866 0.0018383144694750155
4356 0.0036730945822484274 33 34 0.0018365472910955027 0.0018365472911529247
4489 0.003569830638996129 33 35 0.0018381607792437027 0.0017316698597524265
4624 0.0034602076124700754 34 35 0.0018365926636587648 0.0016326102824040629
4761 0.0033655833071784347 35 35 0.0017315374989506083 0.0016340458082722705
4900 0.0032653061224027164 35 36 0.0016326530611971979 0.0016326530612055185
5041 0.0031783839639725354 35 37 0.0016339313209887685 0.001544452642983767
5184 0.0030864197530820524 36 37 0.0016326870960976514 0.0014608881853751532
5329 0.0030063860327024243 37 37 0.0015443532094470136 0.0014620328232874838
5476 0.0029218407596891057 37 38 0.0014609203798485737 0.001460920379840532
5625 0.0028479864459543145 38 38 0.0014619461292566527 0.0013860403167303343
5776 0.0027700831024167504 38 39 0.0013850415511820202 0.0013850415512347302
5929 0.002701788089763542 39 39 0.00138596445267547 0.0013158236371346842
6084 0.002629848783744523 39 40 0.0013149243918226805 0.0013149243919218425
6241 0.002566568837690523 39 41 0.001315757019275443 0.0012508118184150795
6400 0.0025000000001140074 40 41 0.0013149444303062197 0.001189748934682001
6561 0.0024412558855104903 41 41 0.0012507531268719507 0.001190502758755524
6724 0.0023795359906113693 41 42 0.0011897679952501683 0.001189767995361201
6889 0.0023249043742075755 41 43 0.0011904508880224984 0.0011344534861850773
7056 0.0022675736962379234 42 43 0.0011897836762948533 0.001081650813790192
7225 0.0022166795011240633 43 43 0.001134407506973245 0.0010822719941707872
7396 0.0021633315305673987 43 44 0.0010816657652887862 0.0010816657652786125
7569 0.002115841482793448 43 45 0.0010822311212410618 0.0010336103615523862
7744 0.0020661157024211216 44 45 0.0010816781779969808 0.0009876424601481418
7921 0.0020217328627778015 45 45 0.001033573929297038 0.0009881589335324372
8100 0.0019753086420663223 45 46 0.0009876543210480815 0.000987654321018241
8281 0.0019337677541179379 45 47 0.0009881263753044323 0.0009456413788135056
8464 0.0018903591682692135 46 47 0.0009876642496826626 0.0009053775469064589
8649 0.0018514226873710105 46 48 0.0009456122106337173 0.0009058104767372934
8836 0.0018107741059755296 47 48 0.0009451884962963231 0.0008680470148693824
9025 0.0017742287960952749 48 48 0.0009057842837059127 0.0008684445124422071
9216 0.0017361111111290348 48 49 0.0008680555555651281 0.0008680555555639067
9409 0.0017017651202141202 48 50 0.0008684209376195184 0.0008333441825946017
9604 0.001665972511505895 49 50 0.0008680627848343114 0.0007999930599151326
9801 0.0016336528487416492 50 50 0.0008333229182075907 0.0008003299305572024
10000 0.0015999999999757619 50 51 0.0007999999999761531 0.0007999999999996089
10201 0.00156955035392074 50 52 0.0008003107100444939 0.0007692396438762461
10404 0.001537870049952787 51 52 0.0008000059137631688 0.0007396392841387907
10609 0.0015091488951236697 52 52 0.0007692222360020651 0.0007399266591652941