28 0.9434360695491584 2 2 3 0.12245766995902502 0.32096411367178146 0.5000142859183518
37 0.7891467643558931 2 2 4 0.13210959047960552 0.3837028373870952 0.27333433648919253
48 0.3994215408354928 2 3 4 0.12425864477225373 0.33214670343990865 0.11859667592799775
65 0.33072040492730304 2 3 5 0.07680588771554253 0.11618004440721377 0.13773447280454676
80 0.21317572546362365 2 4 5 0.07365993106849622 0.10607540487344772 0.07840487318326735
101 0.17791616001076005 2 4 6 0.048732689867068135 0.04456724842942012 0.08461622171427179
120 0.1295496964962785 2 5 6 0.04721524009275102 0.04168072379325462 0.055019899559451614
145 0.10922397330238029 2 5 7 0.03251370995700015 0.01909141094920804 0.05761885239617211
168 0.08584731472543869 2 6 7 0.031706947292367005 0.018092228980144873 0.04060078125472925
197 0.07309849372181383 2 6 8 0.02255445416643803 0.00867282891332143 0.041871210642054374
224 0.06069517687682127 2 7 8 0.022100437247977334 0.008286279076879599 0.031153251217756434
257 0.05218130630036655 2 7 9 0.016259519323852167 0.0040798346574146835 0.0318419523190997
288 0.044560166604948256 2 7 10 0.015995079193310835 0.003919542998078428 0.024645544413558994
321 0.0392545392922281 2 8 10 0.016167777378383263 0.004023793220283666 0.020323836663213055
360 0.0339593704466816 2 8 11 0.012081788153230022 0.0018991277954990022 0.01997845449795257
397 0.03087382416312118 2 8 12 0.012190472392766605 0.0019471379656470838 0.01673621380470749
436 0.02704456936623387 2 9 12 0.012087873956229123 0.001901795683766755 0.013861351325854613
481 0.024642344193954367 2 9 13 0.00964999878878764 0.0009656860876979148 0.014026659317468812
524 0.02234965369855544 2 9 14 0.00958579817531302 0.0009443555622206044 0.011819499961021817
569 0.02046912426974581 2 10 14 0.009632442112779804 0.0009598195432428187 0.010293679705539412
620 0.018686918172608813 2 10 15 0.008006975790460058 0.00048323247725473725 0.010196709904894016
669 0.01727211573735459 3 10 15 0.008037115668066308 0.0004910171287393821 0.008952207397457859
694 0.013698022568232425 4 10 15 0.0066477144167370605 0.0004714716358739722 0.008953450506845408
721 0.01248336793881193 4 10 16 0.0030378222134178068 0.0004934802958772058 0.008952065429516917
772 0.011306450910211626 4 10 17 0.0030164874770488015 0.0004858489871042882 0.0078041144460585365
825 0.010435605795738056 4 11 17 0.0030326443770750666 0.0004916203364741695 0.006964563125163525
888 0.009476277720763433 4 11 18 0.0023049485024666527 0.00025539569408232965 0.006915933524214451
945 0.008779147552227888 4 11 19 0.0023152623570599218 0.00025844070059441893 0.006205444494573547
1004 0.008096121584195145 4 11 20 0.002305238257012676 0.0002554808318818423 0.005535402495300627
1065 0.007590678118452411 4 12 20 0.002313092758013946 0.0002577976880065361 0.005023979413174925
1136 0.007015623468814592 4 12 21 0.0018788215746646797 0.00013938798766361288 0.004997413906486299
1201 0.00657793629499616 4 12 22 0.0018838746822502084 0.0001406702854072004 0.004553391327338751
1268 0.006147890903760312 4 12 23 0.0018789370082096801 0.00013941715666830593 0.004129536738882326
1337 0.005818002565293974 4 12 24 0.0018829197484244165 0.00014042710928843368 0.003794655707581124
1408 0.005485007718487327 4 13 24 0.0018789819848754608 0.00013942852342988088 0.003469629438268373
1489 0.0051919441081685865 4 13 25 0.0016292380781334215 7.964420395525836e-05 0.0034830618260799067
1564 0.004903493114171028 5 13 25 0.0016267225579322253 7.906742247231721e-05 0.0031984895452481835
1599 0.0044147539773810255 6 13 25 0.0013379398434042455 7.900257952501886e-05 0.0031983953808538317
1636 0.004127482781082737 6 13 26 0.0008498343405750064 7.913235391473824e-05 0.0031985160865929925
1713 0.0038983283317192527 6 13 27 0.0008516316073209351 7.961408592582996e-05 0.0029670826384724878
1792 0.003671020200254171 6 13 28 0.0008498568535590945 7.913837007920254e-05 0.002742024976615874
1873 0.003488675877118508 6 13 29 0.0008513297234365447 7.953296594329406e-05 0.002557813187738669
1956 0.0033057427272306424 6 13 30 0.0008498635800269216 7.914016769597117e-05 0.0023767389795077494
2041 0.0031551862123374293 6 14 30 0.0008510840363186722 7.946700748668463e-05 0.002227724343895833
2140 0.0029918725017460917 6 14 31 0.0007241159451658596 4.6357789207577996e-05 0.002221398767372654
2229 0.002857051255527903 6 14 32 0.0007249045917557817 4.6561652635364524e-05 0.0020855850111367565
2320 0.0027228064916946563 6 14 33 0.0007241222987787732 4.635942767777313e-05 0.00195232476523811
2413 0.002611510966759845 6 14 34 0.0007247871495905112 4.653123212582118e-05 0.0018401925850435124
2508 0.002499827881876431 6 14 35 0.0007241238352749813 4.635982395241603e-05 0.0017293442226490336
2605 0.0024004553380648414 7 14 35 0.0007246890177492471 4.650583012155133e-05 0.0016356910039083054
2646 0.0022366271659762637 8 14 35 0.0006252343999405552 4.664208918736332e-05 0.0016357057720465052
2689 0.0021436306064715823 8 14 36 0.00046148297393983073 4.646237467145101e-05 0.0016356852578603004
2788 0.002049779262825161 8 14 37 0.0004609597632546647 4.631521336799e-05 0.0015425042862025065
2889 0.0019694728384171026 8 15 37 0.0004614067597106808 4.6440907569708984e-05 0.0014634710676903308
3008 0.0018838437442330958 8 15 38 0.0003954842422622673 2.7875924551187128e-05 0.0014604835774196412
3113 0.0018108632620777315 8 15 39 0.00039577216479957933 2.795889451371413e-05 0.001387132202764438
3220 0.0017378665904282014 8 15 40 0.00039548506370545855 2.7876160865825142e-05 0.0013145053658569176
3329 0.001675462841674615 8 15 41 0.0003957346529773753 2.7948069302962966e-05 0.0012517801193942767
3440 0.0016127317415395505 8 15 42 0.0003954847924544369 2.7876082828346035e-05 0.0011893708662567676
3553 0.0015589550105792687 8 15 43 0.00039570245440490037 2.7938781116001998e-05 0.0011353137750583664
3668 0.0015046519023629895 8 15 44 0.0003954837674404188 2.7875787948422696e-05 0.0010812923469741482
3785 0.0014579559807198412 9 15 44 0.0003956746436739045 2.7930761423978236e-05 0.0010343764957303238
3832 0.0013855569214163332 10 15 44 0.0003488777733416937 2.8046150416008552e-05 0.0010343806321075457
3881 0.001338874054444833 10 15 45 0.00027661024308656135 2.7888901730204904e-05 0.001034374909628067
4000 0.0012915675057505835 10 15 46 0.0002764276517404074 2.78333676232503e-05 0.0009873064863869258
4121 0.0012480136561968955 10 16 46 0.0002765873367038818 2.788192829481891e-05 0.0009463240800230817
4264 0.0012040667819733532 10 16 47 0.0002420184178751339 1.709210948340475e-05 0.0009449562546148146
4389 0.0011655875973544286 10 16 48 0.00024212114611593671 1.7125795821390842e-05 0.000906340655417101
4516 0.0011269528512528016 10 16 49 0.0002420182784575453 1.7092063811519055e-05 0.0008678425089837373
4645 0.001093053006067341 10 16 50 0.00024210955968106962 1.7121992788015406e-05 0.000833821453598256
4776 0.0010589077865040676 10 16 51 0.00024201791369948822 1.7091944350727855e-05 0.0007997979284538517
4909 0.0010288882879801982 10 16 52 0.00024209936544505872 1.711864750139691e-05 0.0007696702750337425
5044 0.0009985632295970836 10 16 53 0.00024201738818818708 1.7091772221529105e-05 0.0007394540691873675
5181 0.00097185355209879 10 16 54 0.00024209035564004555 1.711569142040997e-05 0.0007126475050383346
5320 0.0009447995108683216 10 16 55 0.00024201675030410819 1.7091563261502245e-05 0.0006856911973027112
5461 0.0009188273160296229 11 16 55 0.0002420823586221088 1.7113068149747507e-05 0.0006617348431179815
5514 0.0008811740177298633 12 16 55 0.00021603568402855933 1.7192135409151652e-05 0.0006617362108753886
5569 0.000857301343043868 12 16 56 0.0001784802071164715 1.7086760306513208e-05 0.0006617343756208833
5712 0.0008320186027467477 12 17 56 0.00017841640844307172 1.7065006069993436e-05 0.0006375863969282217
5881 0.0008092754144757687 12 17 57 0.0001603997648270128 1.0634023263118425e-05 0.0006382416263856375
6028 0.0007864403382079328 12 17 58 0.0001603592173188284 1.0618503864081816e-05 0.0006154626170250227
6177 0.0007659932395443075 12 17 59 0.00016039580784593666 1.06325076931458e-05 0.0005949649240052251
6328 0.0007454187102758616 12 17 60 0.00016035907116307424 1.0618447946541234e-05 0.0005744411911662461
6481 0.0007269686544988469 12 17 61 0.00016039226370079263 1.0631150399021605e-05 0.0005559452403990327
6636 0.0007083659250362345 12 17 62 0.00016035888009752197 1.0618374906043975e-05 0.0005373886700326685
6793 0.000691661017630374 12 17 63 0.0001603890783590245 1.0629930721714557e-05 0.0005206420085496349
6952 0.0006747860041976054 12 17 64 0.00016035865626573553 1.0618289315318538e-05 0.0005038090586165513
7113 0.0006587307228491398 13 17 64 0.0001603862063604966 1.0628831115041024e-05 0.0004885978170175171
7172 0.0006368827676499622 14 17 64 0.0001442813697413725 1.0680364119892044e-05 0.0004885984238090998
7233 0.0006217084082862089 14 17 65 0.00012249666673269655 1.0614100876495673e-05 0.0004885976406770167
7396 0.0006063548547114675 14 17 66 0.00012246972797469446 1.0603464486042082e-05 0.00047328166225073096
7561 0.0005925306148740633 14 17 67 0.00012249415063247948 1.0613106934723786e-05 0.00045942335730685997
7728 0.0005785199813691902 14 17 68 0.00012246947392746677 1.0603364261036002e-05 0.0004454471431806875
7897 0.0005654871931755881 14 18 68 0.00012249186840429527 1.061220553199191e-05 0.0004327862149876962
8096 0.0005521556842973398 14 18 69 0.00011303957623320926 6.647545928713346e-06 0.0004324685621354172
8269 0.0005400093710344398 14 18 70 0.00011305392115129598 6.654091788632318e-06 0.00042030135809451144
8444 0.0005277952022697032 14 18 71 0.00011303951914420907 6.647519857004568e-06 0.0004081081632684896
8621 0.000516654864692835 14 18 72 0.0001130527234496359 6.653545026084728e-06 0.0003969485962171143
8800 0.0005054365976761339 14 18 73 0.00011303945005702865 6.647488366940253e-06 0.000385749659252165
8981 0.0004947674494465327 15 18 73 0.00011305163057689915 6.653046139471208e-06 0.00037548944455237035