error:  5.000494040813175e-13 orders:  [ 2 30 30 30 30 30 30 30 30 30 30 30 30 30 30 30 30] nonZeroAmount:  41405 errors:  [4.99999932e-13 4.39391386e-27 1.13849860e-26 7.39796404e-25 1.29547691e-23 1.00043086e-22 3.66320877e-21 1.75405098e-20 3.69296068e-20 7.18280599e-20 2.65160001e-18 4.89872730e-18 1.47097762e-18 1.98700649e-17 5.40555749e-18 8.96765272e-18 6.07722362e-18]
error:  2.2228383067909758e-13 orders:  [ 3 30 30 30 30 30 30 30 30 30 30 30 30 30 30 30 30] nonZeroAmount:  41470 errors:  [2.22222207e-13 9.77243297e-27 2.64179485e-25 2.40456664e-24 1.49420132e-23 4.49707900e-23 3.05828393e-21 1.44414601e-20 3.39918813e-20 7.00825326e-20 1.99818413e-18 5.62053614e-18 2.08014411e-18 1.96993261e-17 7.92241605e-18 1.81038447e-17 6.07722576e-18]
error:  1.2506688647554003e-13 orders:  [ 4 30 30 30 30 30 30 30 30 30 30 30 30 30 30 30 30] nonZeroAmount:  41537 errors:  [1.25000000e-13 9.63117180e-26 9.53751809e-25 5.17197570e-24 3.22980321e-23 8.78378406e-23 3.13530294e-21 1.42634509e-20 3.72103150e-20 5.62042641e-20 1.39093253e-18 2.52777033e-18 5.10372784e-18 2.45798638e-17 5.48735869e-18 2.16088332e-17 6.07723737e-18]
error:  8.00471459369293e-14 orders:  [ 5 30 30 30 30 30 30 30 30 30 30 30 30 30 30 30 30] nonZeroAmount:  41606 errors:  [7.99999958e-14 1.56628886e-26 2.62927879e-25 2.24918261e-24 1.74168928e-23 1.22801223e-22 3.49083300e-21 1.56420889e-20 4.13552412e-20 4.80349595e-20 1.03711639e-18 1.18774049e-18 1.74937832e-18 2.12628966e-17 7.74379441e-18 7.98327931e-18 6.07721795e-18]
error:  5.562577564718114e-14 orders:  [ 6 30 30 30 30 30 30 30 30 30 30 30 30 30 30 30 30] nonZeroAmount:  41677 errors:  [5.55555561e-14 8.93057879e-26 9.57310112e-25 3.04639558e-24 1.51392906e-23 1.01475961e-22 3.50395908e-21 1.62213313e-20 3.74755236e-20 6.33897414e-20 1.90551418e-18 2.02502353e-18 5.84979079e-18 2.47559242e-17 5.82351000e-18 2.36618042e-17 6.07723822e-18]
error:  4.0861537308951974e-14 orders:  [ 7 30 30 30 30 30 30 30 30 30 30 30 30 30 30 30 30] nonZeroAmount:  41750 errors:  [4.08163251e-14 1.52384766e-26 1.02897239e-25 6.19417802e-25 1.62946953e-23 1.45063573e-22 4.25888489e-21 2.14206359e-20 9.29328926e-20 6.29215320e-20 8.47644300e-19 6.66855619e-19 1.83505241e-18 2.05242918e-17 5.35661744e-18 9.72286743e-18 6.07722400e-18]
error:  3.1319502953235114e-14 orders:  [ 8 30 30 30 30 30 30 30 30 30 30 30 30 30 30 30 30] nonZeroAmount:  41825 errors:  [3.12499980e-14 1.87801167e-26 1.62075301e-25 1.05109587e-24 1.69638930e-23 7.75373112e-23 2.82468517e-21 1.17626147e-20 2.37662356e-20 1.15295422e-19 1.62296729e-18 9.81714638e-19 7.95295269e-18 2.61375294e-17 5.38719478e-18 2.11916619e-17 6.07723718e-18]
error:  2.473340953132351e-14 orders:  [ 9 30 30 30 30 30 30 30 30 30 30 30 30 30 30 30 30] nonZeroAmount:  41902 errors:  [2.46913588e-14 8.65928100e-26 7.47942182e-25 3.71219227e-24 2.89382549e-23 1.43739241e-22 4.63050138e-21 1.65441999e-20 2.62233574e-20 1.18764894e-19 2.20715117e-18 2.40105184e-18 1.08064274e-18 1.97874504e-17 6.02606549e-18 4.30476756e-18 6.07721702e-18]
error:  2.0065414735338052e-14 orders:  [10 30 30 30 30 30 30 30 30 30 30 30 30 30 30 30 30] nonZeroAmount:  41981 errors:  [1.99999989e-14 1.79720416e-26 2.70800358e-25 8.26551495e-25 6.51205380e-24 4.16561007e-23 2.94553635e-21 1.33410426e-20 2.96600008e-20 8.63244144e-20 1.91566895e-18 1.80380791e-18 9.42458824e-19 1.99066881e-17 8.02732350e-18 2.66103592e-17 6.07723937e-18]
error:  1.6572382756738173e-14 orders:  [11 30 30 30 30 30 30 30 30 30 30 30 30 30 30 30 30] nonZeroAmount:  42062 errors:  [1.65289249e-14 1.32546305e-26 1.01603933e-25 6.08707414e-25 4.39426587e-24 2.18068228e-23 3.29826843e-21 2.57741060e-20 1.29056407e-19 6.62413617e-20 1.47359306e-18 4.37091337e-18 1.72436635e-18 1.99679780e-17 5.54550630e-18 4.07389664e-18 6.07721721e-18]
error:  1.395847608379052e-14 orders:  [12 30 30 30 30 30 30 30 30 30 30 30 30 30 30 30 30] nonZeroAmount:  42145 errors:  [1.38888888e-14 7.38450176e-26 6.46616711e-25 2.86899453e-24 2.35690757e-23 5.67424693e-23 2.89352666e-21 1.31176132e-20 4.04818537e-20 4.26735215e-20 2.00832404e-18 2.74018127e-18 6.05803744e-18 2.65119308e-17 5.41501809e-18 2.06772862e-17 6.07723693e-18]
error:  1.1920035467291095e-14 orders:  [13 30 30 30 30 30 30 30 30 30 30 30 30 30 30 30 30] nonZeroAmount:  42230 errors:  [1.18343192e-14 6.32088409e-26 6.82921766e-25 3.23640993e-24 2.97273312e-23 2.45064243e-22 6.76339448e-21 3.00248444e-20 9.39378610e-20 5.76808973e-20 9.20501481e-19 7.61511599e-19 2.02635286e-17 4.12204944e-17 8.74426619e-18 7.54009581e-18 6.07721789e-18]
error:  1.024997628386533e-14 orders:  [14 30 30 30 30 30 30 30 30 30 30 30 30 30 30 30 30] nonZeroAmount:  42317 errors:  [1.02040822e-14 1.22637140e-25 7.77312517e-25 1.67515232e-24 7.08788835e-24 1.17329859e-23 1.51434084e-21 8.98956512e-21 2.24421701e-20 9.84350576e-21 1.04704281e-18 2.05928408e-18 1.14932435e-18 1.98321441e-17 5.55781649e-18 1.01284064e-17 6.07722420e-18]
error:  8.939744724391512e-15 orders:  [15 30 30 30 30 30 30 30 30 30 30 30 30 30 30 30 30] nonZeroAmount:  42406 errors:  [8.88888899e-15 8.36416616e-26 5.07676249e-25 1.70253360e-24 1.06825937e-23 2.81773230e-23 2.72842180e-21 1.99695838e-20 8.62300496e-20 7.26959804e-20 2.07338908e-18 6.34727298e-18 2.47156201e-18 2.03700835e-17 6.70357739e-18 6.63096834e-18 6.07721772e-18]
error:  7.89138360057551e-15 orders:  [16 30 30 30 30 30 30 30 30 30 30 30 30 30 30 30 30] nonZeroAmount:  42497 errors:  [7.81250048e-15 1.88864754e-25 1.46437708e-24 5.35894316e-24 3.76082208e-23 2.05693293e-22 5.63341594e-21 3.24551169e-20 1.23344452e-19 1.64183084e-19 5.22184009e-18 1.11123345e-17 2.87327616e-18 1.94256659e-17 7.07781407e-18 2.67690802e-17 6.07723940e-18]
error:  6.967016374508206e-15 orders:  [17 30 30 30 30 30 30 30 30 30 30 30 30 30 30 30 30] nonZeroAmount:  42590 errors:  [6.92041566e-15 9.99748473e-26 9.74474509e-25 5.56317780e-24 3.77789515e-23 2.92006108e-22 6.93662356e-21 3.04412480e-20 8.43975854e-20 3.93464232e-20 1.15026232e-18 2.86373892e-18 1.59259290e-18 2.09934779e-17 6.97760471e-18 6.78436022e-18 6.07721775e-18]
error:  6.2198607294165245e-15 orders:  [18 30 30 30 30 30 30 30 30 30 30 30 30 30 30 30 30] nonZeroAmount:  42685 errors:  [6.17283988e-15 1.52943910e-25 9.49528399e-25 2.31814212e-24 1.11457080e-23 2.94316526e-23 1.66131480e-21 9.64561357e-21 1.77622505e-20 1.79688525e-20 1.44236507e-18 3.70419245e-18 1.49897221e-18 1.98911066e-17 5.40428423e-18 8.95562795e-18 6.07722361e-18]
error:  5.588804479253561e-15 orders:  [19 30 30 30 30 30 30 30 30 30 30 30 30 30 30 30 30] nonZeroAmount:  42782 errors:  [5.54016605e-15 1.25021959e-26 7.66201546e-26 1.52661885e-24 2.27777231e-23 1.12450824e-22 3.70023278e-21 2.69322742e-20 1.07498812e-19 6.01516253e-20 1.71873111e-18 4.82454038e-18 1.89509243e-18 2.01329768e-17 5.70404831e-18 8.08739465e-18 6.07722304e-18]
error:  5.055853620774936e-15 orders:  [20 30 30 30 30 30 30 30 30 30 30 30 30 30 30 30 30] nonZeroAmount:  42881 errors:  [4.99999986e-15 7.60112156e-28 2.31991162e-27 2.71674182e-25 5.07467083e-24 5.31249034e-23 2.86628003e-21 1.51762432e-20 2.96778318e-20 2.10345752e-19 4.95317844e-18 8.63652387e-18 3.17233658e-18 2.23103726e-17 6.20397954e-18 4.24203063e-18 6.07721703e-18]
error:  4.581261363587249e-15 orders:  [21 30 30 30 30 30 30 30 30 30 30 30 30 30 30 30 30] nonZeroAmount:  42982 errors:  [4.53514718e-15 2.34733180e-26 2.65030300e-25 1.98828174e-24 1.64908213e-23 1.17714848e-22 3.84931027e-21 1.86494705e-20 3.60558115e-20 8.17107944e-20 2.71406781e-18 5.00408399e-18 1.60461350e-18 2.02978691e-17 6.06042431e-18 4.21550661e-18 6.07721704e-18]
error:  4.181703296870222e-15 orders:  [22 30 30 30 30 30 30 30 30 30 30 30 30 30 30 30 30] nonZeroAmount:  43085 errors:  [4.13223129e-15 2.82965451e-26 1.85068806e-25 1.12415873e-24 1.32725283e-23 1.00108810e-22 3.66291706e-21 1.75371639e-20 3.69281148e-20 7.18240365e-20 2.65158764e-18 4.89894519e-18 1.47145158e-18 1.98713118e-17 5.40543658e-18 8.96598057e-18 6.07722362e-18]
error:  3.8423426627719006e-15 orders:  [23 30 30 30 30 30 30 30 30 30 30 30 30 30 30 30 30] nonZeroAmount:  43190 errors:  [3.78071802e-15 1.33422013e-26 2.86623989e-25 2.40682505e-24 1.49429546e-23 4.49638814e-23 3.05778556e-21 1.44376304e-20 3.39803530e-20 7.01181264e-20 1.99776666e-18 5.61712712e-18 2.07910426e-18 1.97003333e-17 7.92370412e-18 1.81077212e-17 6.07722577e-18]
error:  3.5391071154977047e-15 orders:  [24 30 30 30 30 30 30 30 30 30 30 30 30 30 30 30 30] nonZeroAmount:  43297 errors:  [3.47222258e-15 1.63373535e-25 1.50294101e-24 6.21258847e-24 3.28466532e-23 8.79633410e-23 3.13548254e-21 1.42623008e-20 3.71950397e-20 5.62505264e-20 1.39138439e-18 2.52889512e-18 5.10262250e-18 2.45779138e-17 5.48770988e-18 2.16077990e-17 6.07723737e-18]
error:  3.2471442485813506e-15 orders:  [25 30 30 30 30 30 30 30 30 30 30 30 30 30 30 30 30] nonZeroAmount:  43406 errors:  [3.20000009e-15 6.35840511e-26 4.80962529e-25 3.69961556e-24 3.03422001e-23 1.48708570e-22 3.51694377e-21 1.56534248e-20 4.13640842e-20 4.80317171e-20 1.03699511e-18 1.18728164e-18 1.74917370e-18 2.12610693e-17 7.74181238e-18 7.98185536e-18 6.07721795e-18]
error:  3.0287957558999686e-15 orders:  [26 30 30 30 30 30 30 30 30 30 30 30 30 30 30 30 30] nonZeroAmount:  43517 errors:  [2.95857994e-15 8.82074759e-26 9.71283581e-25 3.04500466e-24 1.51342245e-23 1.01445784e-22 3.50432777e-21 1.62237637e-20 3.74793446e-20 6.33905492e-20 1.90555066e-18 2.02512536e-18 5.85019660e-18 2.47572722e-17 5.82255357e-18 2.36571562e-17 6.07723821e-18]
error:  2.7886956980242574e-15 orders:  [27 30 30 30 30 30 30 30 30 30 30 30 30 30 30 30 30] nonZeroAmount:  43630 errors:  [2.74348403e-15 4.04407021e-27 9.03442888e-26 6.18304503e-25 1.62992278e-23 1.45108986e-22 4.25904150e-21 2.14213287e-20 9.29151215e-20 6.29345114e-20 8.48026833e-19 6.67454142e-19 1.83415224e-18 2.05239076e-17 5.35658776e-18 9.72261870e-18 6.07722400e-18]
error:  2.6205269835407554e-15 orders:  [28 30 30 30 30 30 30 30 30 30 30 30 30 30 30 30 30] nonZeroAmount:  43745 errors:  [2.55102046e-15 2.18213232e-26 1.54917369e-25 1.05121762e-24 1.69569169e-23 7.74854623e-23 2.82423370e-21 1.17605600e-20 2.37689217e-20 1.15260059e-19 1.62248349e-18 9.81132683e-19 7.95474790e-18 2.61378415e-17 5.38724599e-18 2.11921292e-17 6.07723718e-18]
error:  2.4201726993195644e-15 orders:  [29 30 30 30 30 30 30 30 30 30 30 30 30 30 30 30 30] nonZeroAmount:  43862 errors:  [2.37812176e-15 1.65638070e-25 7.93932747e-25 3.71948822e-24 2.89475993e-23 1.43773367e-22 4.63160481e-21 1.65505407e-20 2.62357319e-20 1.18730991e-19 2.20711580e-18 2.40122549e-18 1.08065277e-18 1.97875006e-17 6.02604210e-18 4.30485648e-18 6.07721702e-18]
error:  2.287643736200426e-15 orders:  [30 30 30 30 30 30 30 30 30 30 30 30 30 30 30 30 30] nonZeroAmount:  43981 errors:  [2.22222201e-15 8.99344924e-27 2.59257564e-25 8.25493861e-25 6.51662675e-24 4.17029959e-23 2.94550821e-21 1.33389747e-20 2.96543600e-20 8.63524563e-20 1.91601908e-18 1.80466883e-18 9.41610795e-19 1.99071797e-17 8.03022390e-18 2.66124483e-17 6.07723938e-18]

error:  6.474757397934983e-08 orders:  [30 30 30 30 30 30 30 30 30 30 30 30 30 30 30 30 30  2] nonZeroAmount:  44161 errors:  [2.22221360e-17 4.62955632e-30 1.40394014e-30 4.24898479e-29 3.36869773e-28 1.76808870e-27 5.89217474e-27 8.30826027e-27 4.89664967e-26 1.14708252e-24 6.69799663e-24 6.38254604e-23 4.65342314e-22 2.95001941e-21 2.96428211e-20 1.87414997e-17 1.02384759e-16 6.47475738e-08]
error:  3.0915671678565102e-09 orders:  [30 30 30 30 30 30 30 30 30 30 30 30 30 30 30 30 30  3] nonZeroAmount:  44224 errors:  [2.22221361e-17 4.76167771e-30 1.43304897e-30 4.20925821e-29 3.32962287e-28 1.74578510e-27 5.89185878e-27 8.41595770e-27 4.92978078e-26 1.14052149e-24 6.70668905e-24 6.39778105e-23 4.70096682e-22 2.95949698e-21 2.95343202e-20 1.87379150e-17 4.95234548e-17 3.09156708e-09]
error:  4.330424690482341e-10 orders:  [30 30 30 30 30 30 30 30 30 30 30 30 30 30 30 30 30  4] nonZeroAmount:  44289 errors:  [2.22221360e-17 4.69358286e-30 2.35966957e-30 4.60343308e-29 3.35655698e-28 1.73964711e-27 5.75734129e-27 7.95201943e-27 4.50220000e-26 1.23136305e-24 7.39127432e-24 7.06571320e-23 5.13836088e-22 3.05517941e-21 2.87938134e-20 1.87332057e-17 9.87326892e-18 4.33042418e-10]
error:  1.0865418465574746e-10 orders:  [30 30 30 30 30 30 30 30 30 30 30 30 30 30 30 30 30  5] nonZeroAmount:  44356 errors:  [2.22221360e-17 4.59401796e-30 2.26020492e-30 4.54807893e-29 3.34037154e-28 1.73022787e-27 5.82062308e-27 8.21165927e-27 4.55498308e-26 1.23035283e-24 7.20002220e-24 6.82969929e-23 4.99568494e-22 3.01985089e-21 2.89314771e-20 1.87332064e-17 1.93761704e-17 1.08654124e-10]
error:  3.688096430400329e-11 orders:  [30 30 30 30 30 30 30 30 30 30 30 30 30 30 30 30 30  6] nonZeroAmount:  44425 errors:  [2.22221361e-17 4.76516454e-30 1.47572909e-30 4.28016069e-29 3.37895468e-28 1.77409871e-27 6.07698642e-27 8.91888535e-27 5.01634458e-26 1.13417305e-24 6.55790697e-24 6.20579682e-23 4.50707488e-22 2.92711499e-21 3.00553689e-20 1.87436917e-17 4.79124334e-18 3.68809185e-11]
error:  1.5165906854074222e-11 orders:  [30 30 30 30 30 30 30 30 30 30 30 30 30 30 30 30 30  7] nonZeroAmount:  44496 errors:  [2.22221361e-17 4.79836895e-30 2.42291026e-30 4.61576334e-29 3.35743302e-28 1.73953625e-27 5.91832523e-27 8.55436913e-27 4.99714652e-26 1.12521548e-24 6.59189996e-24 6.28646399e-23 4.62991767e-22 2.94784215e-21 2.96665465e-20 1.87396187e-17 1.28089979e-17 1.51658531e-11]
error:  7.127272102391493e-12 orders:  [30 30 30 30 30 30 30 30 30 30 30 30 30 30 30 30 30  8] nonZeroAmount:  44569 errors:  [2.22221437e-17 3.61532540e-30 3.44735108e-32 2.49167008e-30 3.65862803e-29 5.00574666e-28 6.32513002e-28 3.13829254e-27 3.32611623e-26 7.15076989e-25 1.60555257e-23 1.02707045e-22 3.30361148e-22 2.84658038e-21 2.87902219e-20 1.87314616e-17 3.89479514e-18 7.12722722e-12]
error:  3.6963339659467854e-12 orders:  [30 30 30 30 30 30 30 30 30 30 30 30 30 30 30 30 30  9] nonZeroAmount:  44644 errors:  [2.22221593e-17 3.61517749e-30 7.40496463e-30 1.99751588e-29 7.03153152e-29 2.71214421e-28 4.01730639e-28 2.95117693e-27 1.28269984e-25 5.25125167e-25 6.01344061e-24 3.80870402e-23 4.47965628e-22 3.59403493e-21 4.04945150e-20 1.87426106e-17 8.51682361e-18 3.69628444e-12]
error:  2.0678858716679574e-12 orders:  [30 30 30 30 30 30 30 30 30 30 30 30 30 30 30 30 30 10] nonZeroAmount:  44721 errors:  [2.22221702e-17 2.04803086e-30 1.12340829e-30 8.58224785e-31 7.92764864e-29 3.12872970e-27 4.27951973e-26 7.94719494e-26 6.57011167e-26 9.19642484e-25 4.22282293e-24 4.74121433e-23 8.25534105e-22 3.67652681e-21 3.17377666e-20 1.87346370e-17 4.16576739e-18 2.06784071e-12]
error:  1.2285393501379507e-12 orders:  [30 30 30 30 30 30 30 30 30 30 30 30 30 30 30 30 30 11] nonZeroAmount:  44800 errors:  [2.22221783e-17 1.20306761e-30 6.04759187e-31 4.24556998e-29 5.33597403e-28 1.61762349e-27 1.38075137e-26 6.60261287e-26 4.28058836e-25 5.54545667e-25 2.96304974e-24 2.83849319e-22 4.98661636e-21 9.62242269e-21 4.77446538e-20 1.87458354e-17 6.83150597e-18 1.22849149e-12]
error:  7.664229396330531e-13 orders:  [30 30 30 30 30 30 30 30 30 30 30 30 30 30 30 30 30 12] nonZeroAmount:  44881 errors:  [2.22221845e-17 1.34826732e-30 6.75885775e-30 9.62070683e-30 5.38112012e-29 4.72995482e-28 1.04254294e-27 2.32140211e-26 4.17561016e-25 1.16423819e-24 4.07233453e-24 3.12103981e-23 3.55461578e-22 3.68308761e-21 3.04430993e-20 1.87363502e-17 4.59917013e-18 7.66377347e-13]
error:  4.978953964459047e-13 orders:  [30 30 30 30 30 30 30 30 30 30 30 30 30 30 30 30 30 13] nonZeroAmount:  44964 errors:  [2.22221893e-17 1.35218349e-30 1.20153203e-29 2.02719873e-28 1.24744751e-27 1.08539201e-26 8.77158876e-26 6.54679556e-25 2.49186017e-24 7.82494326e-24 2.91905079e-23 9.82422973e-23 9.38450212e-22 1.05845794e-20 4.96328448e-20 1.87400061e-17 6.22753238e-18 4.97848145e-13]
error:  3.346737992662285e-13 orders:  [30 30 30 30 30 30 30 30 30 30 30 30 30 30 30 30 30 14] nonZeroAmount:  45049 errors:  [2.22221932e-17 9.21075988e-31 8.33932270e-31 2.87361790e-30 2.14924314e-29 5.45507098e-29 2.95848587e-28 4.94167633e-26 3.44531796e-25 5.71714743e-25 8.44068141e-24 1.42007364e-22 3.62262176e-22 2.92416576e-21 3.65501658e-20 1.87596449e-17 4.90623496e-18 3.34627871e-13]
error:  2.316120451283118e-13 orders:  [30 30 30 30 30 30 30 30 30 30 30 30 30 30 30 30 30 15] nonZeroAmount:  45136 errors:  [2.22221960e-17 8.90084020e-30 8.60884695e-29 4.77911988e-28 2.97265803e-27 1.41441428e-26 5.22888002e-26 6.20182689e-25 5.44296250e-24 1.16798826e-22 8.29334201e-22 1.27322515e-21 1.54504095e-21 1.65508574e-20 4.89774601e-20 1.87547540e-17 5.86726392e-18 2.31565132e-13]
error:  1.643734965588232e-13 orders:  [30 30 30 30 30 30 30 30 30 30 30 30 30 30 30 30 30 16] nonZeroAmount:  45225 errors:  [2.22221989e-17 8.26754618e-30 7.40979702e-29 1.01785598e-28 8.49158699e-28 2.53617318e-26 2.05268422e-25 4.29086275e-25 2.02130945e-24 1.99536262e-23 1.91212409e-22 1.34424209e-21 9.31538400e-21 3.73550112e-20 6.44322326e-20 1.88927501e-17 6.00725587e-18 1.64326262e-13]
error:  1.192449503666485e-13 orders:  [30 30 30 30 30 30 30 30 30 30 30 30 30 30 30 30 30 17] nonZeroAmount:  45316 errors:  [2.22222011e-17 5.46268208e-30 1.74554055e-29 4.32334760e-29 4.15940621e-28 5.19236111e-27 1.38321433e-25 1.00290637e-24 9.68679480e-24 5.43617768e-23 1.42383445e-22 1.12919979e-22 1.96481257e-21 4.26404971e-21 2.89943668e-20 1.87337107e-17 5.72278668e-18 1.19198236e-13]
error:  8.819571006057826e-14 orders:  [30 30 30 30 30 30 30 30 30 30 30 30 30 30 30 30 30 18] nonZeroAmount:  45409 errors:  [2.22222027e-17 7.27877069e-30 3.95044974e-29 3.51725357e-28 3.23135515e-27 4.40755454e-26 2.61115128e-25 9.95801863e-25 2.57824556e-24 1.39284736e-23 1.31464211e-22 8.48690891e-22 4.64855659e-21 3.79705164e-20 2.22630156e-19 1.88922601e-17 5.10880585e-18 8.81492205e-14]
error:  6.636042254483173e-14 orders:  [30 30 30 30 30 30 30 30 30 30 30 30 30 30 30 30 30 19] nonZeroAmount:  45504 errors:  [2.22222042e-17 6.34278074e-30 4.67768508e-29 1.11759073e-28 1.54018198e-27 3.27125510e-27 6.47506158e-27 4.57582178e-26 3.59193852e-24 6.97039114e-24 1.94102753e-23 3.74132074e-23 3.97463187e-21 2.43868445e-20 4.61455522e-20 1.87366108e-17 5.64810431e-18 6.63137411e-14]
error:  5.0702104428474964e-14 orders:  [30 30 30 30 30 30 30 30 30 30 30 30 30 30 30 30 30 20] nonZeroAmount:  45601 errors:  [2.22222052e-17 1.05503143e-30 2.10573932e-29 2.77196060e-28 1.43954412e-27 1.67480916e-26 1.77937173e-25 2.03917263e-24 8.27782236e-24 3.50749918e-23 2.20587824e-23 2.54692978e-21 1.02858786e-20 6.26931275e-20 1.08210215e-19 1.87453805e-17 5.29132168e-18 5.06556617e-14]
error:  3.927812656593817e-14 orders:  [30 30 30 30 30 30 30 30 30 30 30 30 30 30 30 30 30 21] nonZeroAmount:  45700 errors:  [2.22222066e-17 2.90095856e-30 1.31609531e-29 6.20223358e-29 1.25321587e-27 6.25722472e-27 4.66599110e-26 2.28986743e-25 2.68629980e-24 2.08279798e-23 5.11084077e-22 4.37559228e-21 2.22438553e-20 4.92901555e-20 5.26731598e-20 1.88373145e-17 7.11659123e-18 3.92298213e-14]
error:  3.080697336226548e-14 orders:  [30 30 30 30 30 30 30 30 30 30 30 30 30 30 30 30 30 22] nonZeroAmount:  45801 errors:  [2.22222071e-17 8.24337165e-30 5.43493581e-29 4.39591236e-28 2.18354718e-27 1.96017291e-26 2.02129079e-25 1.27602765e-24 1.06548135e-24 1.24991199e-23 7.96700219e-23 1.48992839e-22 1.20670765e-21 4.80557614e-21 3.99833461e-20 1.88404365e-17 5.53502866e-18 3.07603295e-14]
error:  2.443904163253203e-14 orders:  [30 30 30 30 30 30 30 30 30 30 30 30 30 30 30 30 30 23] nonZeroAmount:  45904 errors:  [2.22222085e-17 1.66268075e-29 1.29169744e-28 9.21990059e-28 3.53489587e-27 5.37126672e-26 2.75182303e-25 1.85534960e-24 5.03818286e-24 4.24905503e-23 5.21764879e-22 1.10621429e-21 6.93151768e-21 3.12926476e-20 4.49647332e-20 1.87629788e-17 5.58340061e-18 2.43923882e-14]
error:  1.9590113613858377e-14 orders:  [30 30 30 30 30 30 30 30 30 30 30 30 30 30 30 30 30 24] nonZeroAmount:  46009 errors:  [2.22222085e-17 2.49222427e-29 2.58629454e-28 3.76906308e-27 2.26020147e-26 7.39752509e-26 3.36326658e-25 3.07385843e-24 1.23270323e-23 1.88251011e-23 7.79764912e-23 1.98261955e-21 3.65186444e-20 1.38431498e-19 3.39125343e-19 1.93444206e-17 5.78120981e-18 1.95422496e-14]
error:  1.5850818779305627e-14 orders:  [30 30 30 30 30 30 30 30 30 30 30 30 30 30 30 30 30 25] nonZeroAmount:  46116 errors:  [2.22222098e-17 1.05155439e-29 1.14253250e-28 6.60975992e-28 3.29460596e-27 1.02527845e-26 1.25284605e-25 1.06361482e-25 5.18674954e-24 6.96781141e-23 5.24774692e-22 6.78432740e-22 4.56061588e-22 1.12038608e-20 7.55402563e-20 1.87579853e-17 5.47391565e-18 1.58042762e-14]
error:  1.2938558367803372e-14 orders:  [30 30 30 30 30 30 30 30 30 30 30 30 30 30 30 30 30 26] nonZeroAmount:  46225 errors:  [2.22222101e-17 2.06270491e-30 5.91080776e-29 1.83477319e-28 7.73361265e-28 7.28610775e-27 3.03498042e-26 2.14274362e-25 4.18801901e-24 6.10082042e-23 6.39310195e-22 1.04643916e-21 5.92028108e-21 2.28036838e-20 3.77623273e-20 1.88101563e-17 5.36939273e-18 1.28920884e-14]
error:  1.0647272924862114e-14 orders:  [30 30 30 30 30 30 30 30 30 30 30 30 30 30 30 30 30 27] nonZeroAmount:  46336 errors:  [2.22222105e-17 5.74291570e-30 8.49980420e-29 2.53853558e-28 2.62750414e-27 8.73582150e-27 1.44253562e-25 1.04947208e-25 8.46622936e-24 1.19010089e-22 6.41520951e-22 1.09246818e-21 3.25060470e-20 6.49542580e-20 6.72066471e-20 1.87448835e-17 5.59781796e-18 1.06005415e-14]
error:  8.829797087142884e-15 orders:  [30 30 30 30 30 30 30 30 30 30 30 30 30 30 30 30 30 28] nonZeroAmount:  46449 errors:  [2.22222110e-17 3.60264332e-30 7.24816198e-29 6.90727207e-28 4.60721391e-27 6.85178925e-26 8.74195323e-26 3.12563599e-25 1.13676682e-24 1.22748562e-24 5.10111751e-23 3.11024197e-22 3.05218517e-21 3.06345944e-20 6.27745533e-20 1.89447679e-17 7.82871248e-18 8.78070457e-15]
error:  7.380859296582603e-15 orders:  [30 30 30 30 30 30 30 30 30 30 30 30 30 30 30 30 30 29] nonZeroAmount:  46564 errors:  [2.22222114e-17 7.14941194e-30 6.24674798e-29 1.00313918e-28 5.95078585e-29 1.53683091e-26 1.19197171e-25 1.96281837e-24 2.47033061e-23 1.80325206e-23 8.32628588e-24 8.75453777e-22 5.54162715e-20 6.97620086e-20 7.42269518e-20 1.96151615e-17 1.57071823e-17 7.32311441e-15]
error:  6.193085452950775e-15 orders:  [30 30 30 30 30 30 30 30 30 30 30 30 30 30 30 30 30 30] nonZeroAmount:  46681 errors:  [2.22222121e-17 6.74265766e-31 3.84860156e-30 1.13344857e-27 2.42888898e-26 1.17984754e-25 2.87112078e-25 5.78830400e-25 2.51345504e-24 1.69903601e-22 1.32119484e-21 6.13961674e-21 1.40520480e-20 2.11406923e-20 1.30335519e-19 1.88599777e-17 5.44051504e-18 6.14638959e-15]

error:  1.3738579870142524 orders:  [30 30 30 30 30 30 30 30 30 30 30 30 30 30 30  2 30 30 30] nonZeroAmount:  45125 errors:  [9.01934358e-15 8.07846105e-14 8.07846059e-13 8.07846089e-12 8.07846076e-11 8.07846027e-10 8.07846023e-09 8.07846014e-08 8.07846071e-07 8.07846041e-06 8.07846009e-05 8.07845969e-04 8.07845958e-03 8.07845974e-02 8.07845986e-01 4.76251337e-01 3.32471927e-16 1.58040816e-17 6.07722608e-18]
error:  0.2899657961969986 orders:  [30 30 30 30 30 30 30 30 30 30 30 30 30 30 30  3 30 30 30] nonZeroAmount:  45250 errors:  [2.19644743e-15 1.94750014e-14 1.94750018e-13 1.94750035e-12 1.94750028e-11 1.94750004e-10 1.94750002e-09 1.94749997e-08 1.94750026e-07 1.94750011e-06 1.94749994e-05 1.94749974e-04 1.94749968e-03 1.94749977e-02 1.94749983e-01 7.35769265e-02 1.72408549e-16 8.64755426e-18 6.07722280e-18]
error:  0.0488465810341133 orders:  [30 30 30 30 30 30 30 30 30 30 30 30 30 30 30  4 30 30 30] nonZeroAmount:  45377 errors:  [3.95089968e-16 3.31741334e-15 3.31741271e-14 3.31741336e-13 3.31741309e-12 3.31741207e-11 3.31741198e-10 3.31741179e-09 3.31741299e-08 3.31741236e-07 3.31741167e-06 3.31741079e-05 3.31741057e-04 3.31741094e-03 3.31741111e-02 1.19864578e-02 1.39293100e-16 4.10453207e-17 6.07724370e-18]
error:  0.007122988060996167 orders:  [30 30 30 30 30 30 30 30 30 30 30 30 30 30 30  5 30 30 30] nonZeroAmount:  45506 errors:  [7.14418198e-17 4.29166700e-16 4.29166660e-15 4.29166909e-14 4.29166810e-13 4.29166443e-12 4.29166409e-11 4.29166473e-10 4.29166947e-09 4.29166720e-08 4.29166471e-07 4.29166153e-06 4.29166071e-05 4.29166208e-04 4.29166275e-03 2.35447398e-03 3.14709609e-17 3.89240959e-18 6.07721696e-18]
error:  0.0009792301531505881 orders:  [30 30 30 30 30 30 30 30 30 30 30 30 30 30 30  6 30 30 30] nonZeroAmount:  45637 errors:  [2.77065557e-17 4.48923969e-17 4.48923159e-16 4.48923917e-15 4.48923597e-14 4.48922406e-13 4.48922297e-12 4.48922079e-11 4.48923485e-10 4.48922741e-09 4.48921932e-08 4.48920898e-07 4.48920633e-06 4.48921080e-05 4.48921166e-04 4.80428872e-04 3.00735499e-17 3.04498831e-17 6.07724061e-18]
error:  0.00013404951359002954 orders:  [30 30 30 30 30 30 30 30 30 30 30 30 30 30 30  7 30 30 30] nonZeroAmount:  45770 errors:  [2.28083998e-17 3.95046323e-18 3.95039955e-17 3.95041916e-16 3.95040961e-15 3.95037426e-14 3.95037102e-13 3.95036454e-12 3.95040629e-11 3.95038419e-10 3.95036015e-09 3.95032945e-08 3.95032158e-07 3.95033488e-06 3.95033801e-05 9.01568739e-05 6.39971167e-18 1.34584024e-17 6.07722531e-18]
error:  1.837065529674763e-05 orders:  [30 30 30 30 30 30 30 30 30 30 30 30 30 30 30  8 30 30 30] nonZeroAmount:  45905 errors:  [2.22954615e-17 2.96304893e-19 2.96300817e-18 2.96307155e-17 2.96304557e-16 2.96294876e-15 2.96293989e-14 2.96292215e-13 2.96303649e-12 2.96297593e-11 2.96291008e-10 2.96282595e-09 2.96280440e-08 2.96284083e-07 2.96285120e-06 1.50785999e-05 9.57803260e-18 2.74262632e-17 6.07723952e-18]
error:  2.416365942531888e-06 orders:  [30 30 30 30 30 30 30 30 30 30 30 30 30 30 30  9 30 30 30] nonZeroAmount:  46042 errors:  [2.22343970e-17 1.86139810e-20 1.86101188e-19 1.86115032e-18 1.86108495e-17 1.86084231e-16 1.86082000e-15 1.86077553e-14 1.86106212e-13 1.86091033e-12 1.86074529e-11 1.86053443e-10 1.86048045e-09 1.86057178e-08 1.86060264e-07 2.20963275e-06 5.06225547e-18 5.53253265e-18 6.07721782e-18]
error:  2.79788804420567e-07 orders:  [30 30 30 30 30 30 30 30 30 30 30 30 30 30 30 10 30 30 30] nonZeroAmount:  46181 errors:  [2.22245599e-17 9.11930698e-22 9.11210976e-21 9.11527268e-20 9.11382736e-19 9.10845839e-18 9.10796491e-17 9.10698085e-16 9.11332134e-15 9.10996229e-14 9.10631125e-13 9.10164713e-12 9.10045272e-11 9.10247282e-10 9.10327260e-09 2.69674166e-07 1.26773768e-17 3.99580710e-17 6.07724338e-18]
error:  2.4250886834955994e-08 orders:  [30 30 30 30 30 30 30 30 30 30 30 30 30 30 30 11 30 30 30] nonZeroAmount:  46322 errors:  [2.22226135e-17 2.75891258e-23 2.74762856e-22 2.75321118e-21 2.75069949e-20 2.74137898e-19 2.74052396e-18 2.73881805e-17 2.74982569e-16 2.74399356e-15 2.73765978e-14 2.72957799e-13 2.72750977e-12 2.73100805e-11 2.73260824e-10 2.39472850e-08 7.49726682e-18 5.41469305e-18 6.07721777e-18]
error:  1.4537865923731989e-09 orders:  [30 30 30 30 30 30 30 30 30 30 30 30 30 30 30 12 30 30 30] nonZeroAmount:  46465 errors:  [2.22222451e-17 1.03620078e-25 9.71316698e-25 1.00497379e-23 9.89837930e-23 9.34698495e-22 9.29686104e-21 9.19777544e-20 9.84674435e-19 9.50033125e-18 9.13089795e-17 8.66995505e-16 8.55351922e-15 8.75055918e-14 8.78771004e-13 1.45281073e-09 9.79377027e-18 2.87573514e-17 6.07724013e-18]
error:  7.082659956634238e-10 orders:  [30 30 30 30 30 30 30 30 30 30 30 30 30 30 30 13 30 30 30] nonZeroAmount:  46610 errors:  [2.22221979e-17 8.74395176e-26 8.98771961e-25 8.64327208e-24 8.78379235e-23 9.31916056e-22 9.36849988e-21 9.46850713e-20 8.83368148e-19 9.16710340e-18 9.53679575e-17 1.00203098e-15 1.01457515e-14 9.93364917e-14 9.87991914e-13 7.07167373e-10 7.55539948e-18 4.84779598e-18 6.07721667e-18]
error:  6.195616102947815e-10 orders:  [30 30 30 30 30 30 30 30 30 30 30 30 30 30 30 14 30 30 30] nonZeroAmount:  46757 errors:  [2.22222031e-17 4.26316622e-26 4.17299244e-25 3.92214652e-24 4.01664202e-23 4.38128847e-22 4.41515175e-21 4.48394141e-20 4.05080038e-19 4.27746452e-18 4.53107837e-17 4.86626746e-16 4.95369861e-15 4.80585056e-14 4.75844055e-13 6.19032159e-10 8.76900739e-18 2.09641828e-17 6.07722742e-18]
error:  3.545218790014438e-10 orders:  [30 30 30 30 30 30 30 30 30 30 30 30 30 30 30 15 30 30 30] nonZeroAmount:  46906 errors:  [2.22222116e-17 8.26426887e-27 7.81441345e-26 6.75048411e-25 7.14401819e-24 8.72932731e-23 8.87890020e-22 9.18891164e-21 7.29273510e-20 8.26993079e-19 9.40358785e-18 1.09638502e-16 1.13794378e-15 1.06770843e-14 1.04058523e-13 3.54405845e-10 8.01764949e-18 4.50244605e-18 6.07721728e-18]
error:  1.6148024293952117e-10 orders:  [30 30 30 30 30 30 30 30 30 30 30 30 30 30 30 16 30 30 30] nonZeroAmount:  47057 errors:  [2.22222169e-17 8.22078864e-28 7.95632362e-27 4.91496898e-26 5.99669773e-25 1.11700083e-23 1.16830594e-22 1.28256258e-21 6.47669377e-21 9.56601059e-20 1.36405091e-18 1.99614116e-17 2.17382970e-16 1.87353690e-15 1.74062882e-14 1.61460669e-10 7.57397924e-18 1.94182968e-17 6.07723626e-18]
error:  6.462307897435832e-11 orders:  [30 30 30 30 30 30 30 30 30 30 30 30 30 30 30 17 30 30 30] nonZeroAmount:  47210 errors:  [2.22222171e-17 1.92780519e-28 3.03258221e-29 3.10722176e-27 9.24710965e-27 4.02424162e-25 4.67244668e-24 7.18058804e-23 1.15660008e-22 1.62370154e-21 9.28110927e-20 3.02178271e-18 3.71689864e-17 2.54530202e-16 2.32656657e-15 6.46204197e-11 5.61910092e-18 3.92608446e-18 6.07721701e-18]
error:  2.383332613175546e-11 orders:  [30 30 30 30 30 30 30 30 30 30 30 30 30 30 30 18 30 30 30] nonZeroAmount:  47365 errors:  [2.22222211e-17 2.14349601e-28 8.46466098e-28 2.19145872e-26 1.52359693e-25 1.56985745e-25 6.77641747e-25 1.13542140e-24 1.38909635e-21 3.87018705e-21 1.23286778e-21 6.48642274e-19 9.70782220e-18 4.30476967e-17 3.12125118e-16 2.38329058e-11 8.80794487e-18 1.76859196e-17 6.07722665e-18]
error:  8.313679762033398e-12 orders:  [30 30 30 30 30 30 30 30 30 30 30 30 30 30 30 19 30 30 30] nonZeroAmount:  47522 errors:  [2.22222236e-17 4.49183945e-28 6.59540652e-28 1.66769098e-26 1.08790819e-25 6.27845867e-26 5.05972491e-26 4.99484256e-24 1.95251023e-21 7.10673114e-21 5.84799311e-21 3.39845240e-19 5.71022715e-18 1.84499313e-17 9.31578133e-17 8.31349517e-12 1.92969813e-17 1.93264123e-17 6.07722720e-18]
error:  2.785814711499586e-12 orders:  [30 30 30 30 30 30 30 30 30 30 30 30 30 30 30 20 30 30 30] nonZeroAmount:  47681 errors:  [2.22222242e-17 7.65252525e-28 1.95549299e-27 3.57199298e-26 2.70353062e-25 6.05931384e-25 4.49697723e-24 2.59355763e-23 2.49964214e-21 1.04052693e-20 1.69140607e-20 1.70796075e-19 3.30378905e-18 6.50121308e-18 1.03719506e-17 2.78575558e-12 5.45770160e-18 5.00054188e-18 6.07721769e-18]
error:  9.05748450241094e-13 orders:  [30 30 30 30 30 30 30 30 30 30 30 30 30 30 30 21 30 30 30] nonZeroAmount:  47842 errors:  [2.22222212e-17 3.36348353e-28 1.82947995e-27 3.70194110e-26 2.82042563e-25 6.60331573e-25 4.98091166e-24 2.96257408e-23 2.61103633e-21 1.11265951e-20 1.98414697e-20 1.45424070e-19 2.91007101e-18 4.93057141e-18 2.25731148e-18 9.05695878e-13 9.42772768e-18 4.56760812e-18 6.07721751e-18]
error:  2.8768053898627645e-13 orders:  [30 30 30 30 30 30 30 30 30 30 30 30 30 30 30 22 30 30 30] nonZeroAmount:  48005 errors:  [2.22222230e-17 6.15586735e-28 2.26901684e-27 4.13298638e-26 3.19776786e-25 8.43796316e-25 6.63966147e-24 4.26616784e-23 2.97138286e-21 1.35145205e-20 3.04784011e-20 8.27428312e-20 1.85066855e-18 1.65610584e-18 4.60742889e-19 2.87626362e-13 6.61919400e-18 1.51611184e-17 6.07722586e-18]
error:  8.972570121369891e-14 orders:  [30 30 30 30 30 30 30 30 30 30 30 30 30 30 30 23 30 30 30] nonZeroAmount:  48170 errors:  [2.22222225e-17 5.57863506e-28 2.51257953e-27 4.53117848e-26 3.54911593e-25 1.02451376e-24 8.29114165e-24 5.60530790e-23 3.30659770e-21 1.58003579e-20 4.17592416e-20 4.74749725e-20 1.11732238e-18 7.51141997e-19 9.65491520e-18 8.96623566e-14 8.19608364e-18 1.52173320e-17 6.07722509e-18]
error:  2.7662727061076407e-14 orders:  [30 30 30 30 30 30 30 30 30 30 30 30 30 30 30 24 30 30 30] nonZeroAmount:  48337 errors:  [2.22222211e-17 4.04478713e-28 2.61083232e-27 4.82763234e-26 3.81453145e-25 1.16678454e-24 9.60066962e-24 6.68853045e-23 3.55930586e-21 1.75584329e-20 5.10075413e-20 3.34649954e-20 7.05388941e-19 1.23588945e-18 3.58538280e-17 2.75613974e-14 7.52419155e-18 2.76052790e-17 6.07723949e-18]
error:  8.390521240110502e-15 orders:  [30 30 30 30 30 30 30 30 30 30 30 30 30 30 30 25 30 30 30] nonZeroAmount:  48506 errors:  [2.22222214e-17 3.94134860e-28 2.15118572e-27 4.13980645e-26 3.20540262e-25 8.47714722e-25 6.67640031e-24 4.29572589e-23 2.97810106e-21 1.35582704e-20 3.06898827e-20 8.18323844e-20 1.83296646e-18 1.61681871e-18 2.63237489e-18 8.34569941e-15 6.41696729e-18 3.89415526e-18 6.07721691e-18]
error:  2.581864663758979e-15 orders:  [30 30 30 30 30 30 30 30 30 30 30 30 30 30 30 26 30 30 30] nonZeroAmount:  48677 errors:  [2.22222222e-17 3.35220349e-28 9.97892155e-28 2.33773641e-26 1.64461506e-25 1.92151281e-25 9.52203529e-25 2.13833209e-23 2.66864194e-21 1.16284390e-20 2.19832107e-20 1.29522345e-19 2.65586455e-18 4.00297535e-18 8.56286855e-19 2.50269425e-15 8.57667728e-18 3.46133214e-17 6.07724184e-18]
error:  8.360306068169256e-16 orders:  [30 30 30 30 30 30 30 30 30 30 30 30 30 30 30 27 30 30 30] nonZeroAmount:  48850 errors:  [2.22222267e-17 1.45118187e-27 2.47507057e-27 3.99170410e-26 3.06531998e-25 7.77442997e-25 6.03520062e-24 3.78484859e-23 2.84335113e-21 1.26569385e-20 2.65090718e-20 1.01813329e-19 2.19149020e-18 2.52257234e-18 3.87846171e-18 7.55749934e-16 1.98023813e-17 2.34424444e-17 6.07722815e-18]
error:  3.161943313491043e-16 orders:  [30 30 30 30 30 30 30 30 30 30 30 30 30 30 30 28 30 30 30] nonZeroAmount:  49025 errors:  [2.22222252e-17 1.01854300e-27 2.21104049e-27 3.81435213e-26 2.91333568e-25 7.03992412e-25 5.37484565e-24 3.26733908e-23 2.69932271e-21 1.17039955e-20 2.22907667e-20 1.27410114e-19 2.62101861e-18 3.88192984e-18 7.42303576e-18 2.26394989e-16 1.10251103e-17 3.63846370e-17 6.07724242e-18]
error:  1.8758990042929239e-16 orders:  [30 30 30 30 30 30 30 30 30 30 30 30 30 30 30 29 30 30 30] nonZeroAmount:  49202 errors:  [2.22222220e-17 5.13227514e-28 2.67384110e-27 4.80877639e-26 3.79648756e-25 1.15701884e-24 9.51262692e-24 6.61622964e-23 3.54311690e-21 1.74456337e-20 5.03860643e-20 3.40790305e-20 7.28890021e-19 1.17691219e-18 3.10061722e-17 1.08717199e-16 1.33140680e-17 4.24168833e-18 6.07721736e-18]
error:  8.763883461648233e-17 orders:  [30 30 30 30 30 30 30 30 30 30 30 30 30 30 30 30 30 30 30] nonZeroAmount:  49381 errors:  [2.22222243e-17 8.41907406e-28 2.35180614e-27 4.10804036e-26 3.17308738e-25 8.31186526e-25 6.51833237e-24 4.16841086e-23 2.94616256e-21 1.33447521e-20 2.96755318e-20 8.62711998e-20 1.91561541e-18 1.80434813e-18 9.42160266e-19 1.99065141e-17 8.02708100e-18 2.66113650e-17 6.07723938e-18]
