error:  0.3519648048131213 mesh:  [0.         0.34644109 1.45343698        inf] orders:  [2 2 2] nonZeroAmount:  21 errors:  [0.2754138  0.0117861  0.06476491]
error:  0.0702395731078474 mesh:  [0.         0.18305136 1.27998781        inf] orders:  [3 3 3] nonZeroAmount:  52 errors:  [0.05853161 0.00261691 0.00909105]
error:  0.023098625652460812 mesh:  [0.         0.11527714 1.1756338         inf] orders:  [4 4 4] nonZeroAmount:  97 errors:  [0.01969074 0.00094279 0.00246509]
error:  0.009823230677940177 mesh:  [0.         0.08096665 1.13034937        inf] orders:  [5 5 5] nonZeroAmount:  156 errors:  [0.00853727 0.00043584 0.00085012]
error:  0.004944838553925929 mesh:  [0.         0.06067842 1.09969686        inf] orders:  [6 6 6] nonZeroAmount:  229 errors:  [0.0043345  0.00023532 0.00037501]
error:  0.0027713236744231805 mesh:  [0.         0.04757066 1.0817118         inf] orders:  [7 7 7] nonZeroAmount:  316 errors:  [0.0024466  0.00014037 0.00018435]
error:  0.001684919265812306 mesh:  [0.         0.03849345 1.06806212        inf] orders:  [8 8 8] nonZeroAmount:  417 errors:  [1.49306352e-03 9.02270594e-05 1.01628690e-04]
error:  0.0010864274277045467 mesh:  [0.         0.03195651 1.05908652        inf] orders:  [9 9 9] nonZeroAmount:  532 errors:  [9.66090989e-04 6.10737072e-05 5.92627317e-05]
error:  0.0007349753947197501 mesh:  [0.         0.02704534 1.05173669        inf] orders:  [10 10 10] nonZeroAmount:  661 errors:  [6.54898535e-04 4.31121282e-05 3.69647313e-05]
error:  0.000516025365976776 mesh:  [0.         0.02321801 1.04608037        inf] orders:  [11 11 11] nonZeroAmount:  804 errors:  [4.60374888e-04 3.15595772e-05 2.40909004e-05]
error:  0.00037396929015614405 mesh:  [0.         0.02020356 1.04154177        inf] orders:  [12 12 12] nonZeroAmount:  961 errors:  [3.33935782e-04 2.37289407e-05 1.63045670e-05]
error:  0.0002780485100485551 mesh:  [0.         0.0177762  1.03789508        inf] orders:  [13 13 13] nonZeroAmount:  1132 errors:  [2.48446626e-04 1.82315746e-05 1.13703095e-05]
error:  0.00021143649269002982 mesh:  [0.         0.01577786 1.03467741        inf] orders:  [14 14 14] nonZeroAmount:  1317 errors:  [1.88954343e-04 1.43016025e-05 8.18054754e-06]
error:  0.00016382312956342393 mesh:  [0.         0.01412951 1.03231779        inf] orders:  [15 15 15] nonZeroAmount:  1516 errors:  [1.46470144e-04 1.13860948e-05 5.96689104e-06]
error:  0.00012908402914139257 mesh:  [0.         0.01272954 1.03010494        inf] orders:  [16 16 16] nonZeroAmount:  1729 errors:  [1.15400418e-04 9.21905971e-06 4.46455108e-06]
error:  0.00010317692174171667 mesh:  [0.         0.01154408 1.02800499        inf] orders:  [17 17 17] nonZeroAmount:  1956 errors:  [9.22182767e-05 7.54088716e-06 3.41775785e-06]
error:  8.355199097091752e-05 mesh:  [0.         0.01052798 1.02637922        inf] orders:  [18 18 18] nonZeroAmount:  2197 errors:  [7.46707379e-05 6.24080846e-06 2.64044458e-06]
error:  6.842756983275012e-05 mesh:  [0.         0.00964736 1.02488893        inf] orders:  [19 19 19] nonZeroAmount:  2452 errors:  [6.11396898e-05 5.21566697e-06 2.07221306e-06]
error:  5.662762287974775e-05 mesh:  [0.         0.00887963 1.02351155        inf] orders:  [20 20 20] nonZeroAmount:  2721 errors:  [5.05817180e-05 4.39639374e-06 1.64951111e-06]
error:  4.729394315859857e-05 mesh:  [0.         0.0082361  1.02266479        inf] orders:  [21 21 21] nonZeroAmount:  3004 errors:  [4.22887364e-05 3.69456108e-06 1.31064563e-06]
error:  3.98333462740958e-05 mesh:  [0.         0.00760385 1.02132128        inf] orders:  [22 22 22] nonZeroAmount:  3301 errors:  [3.55517553e-05 3.20751225e-06 1.07407877e-06]
error:  3.509547088367778e-05 mesh:  [0.         0.00823108 1.02972735        inf] orders:  [23 23 23] nonZeroAmount:  3612 errors:  [3.27704235e-05 1.66721039e-06 6.57837033e-07]
error:  2.8892388529396678e-05 mesh:  [0.         0.00659904 1.01950358        inf] orders:  [24 24 24] nonZeroAmount:  3937 errors:  [2.57646878e-05 2.40104032e-06 7.26660433e-07]
error:  2.485069697537161e-05 mesh:  [0.         0.00617002 1.01866811        inf] orders:  [25 25 25] nonZeroAmount:  4276 errors:  [2.21452095e-05 2.09947189e-06 6.06015549e-07]
error:  2.1502834878380285e-05 mesh:  [0.         0.00578616 1.01797942        inf] orders:  [26 26 26] nonZeroAmount:  4629 errors:  [1.91523452e-05 1.84306575e-06 5.07423928e-07]
error:  1.870651616422648e-05 mesh:  [0.         0.00544745 1.01733588        inf] orders:  [27 27 27] nonZeroAmount:  4996 errors:  [1.66620385e-05 1.61657984e-06 4.27897824e-07]
error:  1.6357592819073286e-05 mesh:  [0.         0.00513133 1.01671493        inf] orders:  [28 28 28] nonZeroAmount:  5377 errors:  [1.45617091e-05 1.43239606e-06 3.63487622e-07]
error:  1.4370183515476273e-05 mesh:  [0.         0.00483779 1.01601495        inf] orders:  [29 29 29] nonZeroAmount:  5772 errors:  [1.27787852e-05 1.27913928e-06 3.12259055e-07]
error:  1.268051372440168e-05 mesh:  [0.         0.00457812 1.01555206        inf] orders:  [30 30 30] nonZeroAmount:  6181 errors:  [1.12731007e-05 1.14004725e-06 2.67365799e-07]
error:  1.12348290851202e-05 mesh:  [0.         0.00434103 1.01501013        inf] orders:  [31 31 31] nonZeroAmount:  6604 errors:  [9.98517981e-06 1.01837005e-06 2.31279222e-07]
error:  9.992837868559151e-06 mesh:  [0.         0.00411523 1.01458111        inf] orders:  [32 32 32] nonZeroAmount:  7041 errors:  [8.87304647e-06 9.19543670e-07 2.00247733e-07]
error:  8.919713080892022e-06 mesh:  [0.         0.00391201 1.01407306        inf] orders:  [33 33 33] nonZeroAmount:  7492 errors:  [7.91584207e-06 8.28814409e-07 1.75056598e-07]
error:  7.98921228054543e-06 mesh:  [0.         0.00373136 1.01379081        inf] orders:  [34 34 34] nonZeroAmount:  7957 errors:  [7.09246656e-06 7.44592320e-07 1.52153403e-07]
error:  7.178350862982822e-06 mesh:  [0.         0.00355072 1.01330533        inf] orders:  [35 35 35] nonZeroAmount:  8436 errors:  [6.36441630e-06 6.79636046e-07 1.34298520e-07]
error:  6.46947407578777e-06 mesh:  [0.         0.00339266 1.01294405        inf] orders:  [36 36 36] nonZeroAmount:  8929 errors:  [5.73536084e-06 6.15754332e-07 1.18358903e-07]
error:  5.8469699464256545e-06 mesh:  [0.         0.00324589 1.01269567        inf] orders:  [37 37 37] nonZeroAmount:  9436 errors:  [5.18347046e-06 5.59353119e-07 1.04146371e-07]
error:  5.298835331187911e-06 mesh:  [0.         0.00310665 1.01235321        inf] orders:  [38 38 38] nonZeroAmount:  9957 errors:  [4.69573648e-06 5.10602184e-07 9.24966718e-08]
error:  4.8141689630694615e-06 mesh:  [0.         0.00297493 1.01201827        inf] orders:  [39 39 39] nonZeroAmount:  10492 errors:  [4.26350425e-06 4.68209589e-07 8.24551272e-08]
error:  4.384611890665829e-06 mesh:  [0.         0.0028545  1.01179623        inf] orders:  [40 40 40] nonZeroAmount:  11041 errors:  [3.88241607e-06 4.28882710e-07 7.33131137e-08]
error:  4.0024893071344475e-06 mesh:  [0.         0.00274537 1.01155161        inf] orders:  [41 41 41] nonZeroAmount:  11604 errors:  [3.54546666e-06 3.91512105e-07 6.55105423e-08]
error:  3.675844985528457e-06 mesh:  [0.         0.00274411 1.01509544        inf] orders:  [42 42 42] nonZeroAmount:  12181 errors:  [3.31419828e-06 3.13525458e-07 4.81212518e-08]
error:  3.4006801539093553e-06 mesh:  [0.         0.00274411 1.01509544        inf] orders:  [43 43 43] nonZeroAmount:  12772 errors:  [3.11181877e-06 2.46210710e-07 4.26506750e-08]
error:  3.167804295205357e-06 mesh:  [0.         0.00274411 1.01517447        inf] orders:  [44 44 44] nonZeroAmount:  13377 errors:  [2.93668108e-06 1.93350895e-07 3.77723163e-08]
error:  2.9678120240651264e-06 mesh:  [0.         0.00274411 1.01783892        inf] orders:  [45 45 45] nonZeroAmount:  13996 errors:  [2.78389830e-06 1.53907699e-07 3.00060272e-08]
error:  2.7947402557467296e-06 mesh:  [0.         0.00274411 1.02332589        inf] orders:  [46 46 46] nonZeroAmount:  14629 errors:  [2.64827907e-06 1.24444273e-07 2.20169086e-08]
error:  2.648350971627798e-06 mesh:  [0.         0.00274411 1.03978679        inf] orders:  [47 47 47] nonZeroAmount:  15276 errors:  [2.52846931e-06 1.06950512e-07 1.29311506e-08]
error:  2.5092515157551937e-06 mesh:  [0.         0.00274411 1.03978679        inf] orders:  [48 48 48] nonZeroAmount:  15937 errors:  [2.41353883e-06 8.41003674e-08 1.16123153e-08]

error:  0.19597793370587208 mesh:  [0.         0.1428898  0.56552355 1.62313672        inf] orders:  [2 2 2 2] nonZeroAmount:  33 errors:  [0.13774849 0.01554625 0.00351666 0.03916654]
error:  0.024676433069978725 mesh:  [0.         0.04994665 0.33156531 1.4906874         inf] orders:  [3 3 3 3] nonZeroAmount:  79 errors:  [0.0181053  0.00212553 0.00066683 0.00377877]
error:  0.005808079902242836 mesh:  [0.         0.02257278 0.2224356  1.36784027        inf] orders:  [4 4 4 4] nonZeroAmount:  145 errors:  [0.00422479 0.00051456 0.00022834 0.00084039]
error:  0.0018539250420366786 mesh:  [0.         0.01190367 0.16156074 1.31519585        inf] orders:  [5 5 5 5] nonZeroAmount:  231 errors:  [1.34541687e-03 1.63004374e-04 9.05925060e-05 2.54911296e-04]
error:  0.0007396292372801747 mesh:  [0.         0.00711782 0.12623076 1.28992532        inf] orders:  [6 6 6 6] nonZeroAmount:  337 errors:  [5.36906618e-04 6.40069074e-05 4.36770821e-05 9.50386302e-05]
error:  0.0003391268988835185 mesh:  [0.         0.00452675 0.10114312 1.26209419        inf] orders:  [7 7 7 7] nonZeroAmount:  463 errors:  [2.43462624e-04 2.85580062e-05 2.27045119e-05 4.44017566e-05]
error:  0.0001721632630729904 mesh:  [0.         0.00308388 0.08424529 1.2552558         inf] orders:  [8 8 8 8] nonZeroAmount:  609 errors:  [1.23930343e-04 1.41000687e-05 1.27254414e-05 2.14074094e-05]
error:  9.519864846687422e-05 mesh:  [0.         0.00210503 0.06875646 1.2284882         inf] orders:  [9 9 9 9] nonZeroAmount:  775 errors:  [6.57836558e-05 8.16843032e-06 8.41899742e-06 1.28275649e-05]
error:  5.560168048738615e-05 mesh:  [0.         0.00158004 0.06082406 1.23092008        inf] orders:  [10 10 10 10] nonZeroAmount:  961 errors:  [3.93070080e-05 4.41126910e-06 4.84967006e-06 7.03373330e-06]
error:  3.426866116650542e-05 mesh:  [0.00000000e+00 1.20408474e-03 5.38332571e-02 1.23307423e+00
            inf] orders:  [11 11 11 11] nonZeroAmount:  1167 errors:  [2.44367249e-05 2.64090145e-06 3.08152900e-06 4.10950582e-06]
error:  2.2040320052009915e-05 mesh:  [0.00000000e+00 9.29736321e-04 4.75232434e-02 1.22493522e+00
            inf] orders:  [12 12 12 12] nonZeroAmount:  1393 errors:  [1.56543736e-05 1.65736846e-06 2.04793410e-06 2.68064390e-06]
error:  1.4800789421814404e-05 mesh:  [0.00000000e+00 8.23609770e-04 4.52731347e-02 1.24879902e+00
            inf] orders:  [13 13 13 13] nonZeroAmount:  1639 errors:  [1.12241638e-05 9.08734149e-07 1.15263079e-06 1.51526064e-06]

error:  0.14239442986878623 mesh:  [0.         0.01999543 0.18020119 0.62999543 1.67937814        inf] orders:  [2 2 2 2 2] nonZeroAmount:  45 errors:  [0.05458804 0.04044413 0.01076854 0.00273849 0.03385524]
error:  0.027881838310144427 mesh:  [0.         0.01679165 0.15680537 0.75685109 2.75730834        inf] orders:  [2 3 3 3 2] nonZeroAmount:  86 errors:  [0.01697224 0.00377945 0.00141129 0.00073812 0.00498074]
error:  0.009194622906929349 mesh:  [0.         0.0047508  0.07960677 0.61335162 3.42405121        inf] orders:  [2 4 4 4 2] nonZeroAmount:  141 errors:  [0.0046837  0.00125222 0.00058938 0.00033629 0.00233302]
error:  0.0021145723703934714 mesh:  [0.00000000e+00 1.22085048e-03 3.25377229e-02 3.52290809e-01
 2.51278464e+00            inf] orders:  [2 5 5 5 3] nonZeroAmount:  223 errors:  [0.00117517 0.00030636 0.00014431 0.0001055  0.00038324]
error:  0.000502847176591656 mesh:  [0.00000000e+00 8.58100899e-04 2.30940405e-02 2.89806432e-01
 2.29026368e+00            inf] orders:  [3 6 6 6 4] nonZeroAmount:  342 errors:  [3.05149887e-04 6.03584259e-05 3.17576540e-05 3.12258795e-05
 7.43553303e-05]
error:  0.00028122373857693235 mesh:  [0.00000000e+00 5.49204898e-04 2.05537774e-02 2.82419347e-01
 2.61026571e+00            inf] orders:  [3 7 7 7 4] nonZeroAmount:  445 errors:  [1.90253391e-04 2.14601975e-05 1.08399413e-05 1.38357519e-05
 4.48344570e-05]
error:  0.0001113483916617926 mesh:  [0.00000000e+00 5.07544582e-04 2.05121171e-02 2.87224508e-01
 2.74401463e+00            inf] orders:  [4 8 8 8 5] nonZeroAmount:  608 errors:  [9.04199993e-05 6.43944684e-06 2.53584929e-06 2.77054332e-06
 9.18255291e-06]
error:  7.795668137149598e-05 mesh:  [0.00000000e+00 3.97805213e-04 2.04023777e-02 2.87114769e-01
 2.95515318e+00            inf] orders:  [4 9 9 9 6] nonZeroAmount:  770 errors:  [7.00484769e-05 4.10939995e-06 6.87911491e-07 7.49664865e-07
 2.36122818e-06]
error:  4.375589221204279e-05 mesh:  [0.00000000e+00 3.67322055e-04 2.03718945e-02 3.09306508e-01
 3.53427221e+00            inf] orders:  [ 5 10 10 10  6] nonZeroAmount:  950 errors:  [3.95542929e-05 2.28999241e-06 3.10590593e-07 3.49409359e-07
 1.25160694e-06]
error:  3.4964576749078874e-05 mesh:  [0.00000000e+00 3.02291317e-04 2.03068638e-02 3.18386425e-01
 3.89726160e+00            inf] orders:  [ 5 11 11 11  7] nonZeroAmount:  1150 errors:  [3.24995931e-05 1.87556638e-06 1.10718834e-07 1.12404293e-07
 3.66294096e-07]
error:  2.174162508592221e-05 mesh:  [0.00000000e+00 2.80953107e-04 2.02855256e-02 3.31533811e-01
 4.33016207e+00            inf] orders:  [ 6 12 12 12  8] nonZeroAmount:  1405 errors:  [2.03348992e-05 1.20130568e-06 4.45484426e-08 4.06508355e-08
 1.20220958e-07]
error:  1.8523295091507597e-05 mesh:  [0.00000000e+00 2.47421633e-04 2.02519941e-02 4.20389168e-01
 5.29144541e+00            inf] orders:  [ 6 13 13 13  8] nonZeroAmount:  1606 errors:  [1.74309195e-05 9.37317806e-07 8.12188345e-08 1.21114569e-08
 6.17274597e-08]
error:  1.2531990935339475e-05 mesh:  [0.00000000e+00 2.47421633e-04 2.02519941e-02 4.20389168e-01
 5.83465529e+00            inf] orders:  [ 7 14 14 14  9] nonZeroAmount:  1905 errors:  [1.19350046e-05 5.37089326e-07 2.86577085e-08 8.00173520e-09
 2.32375280e-08]
error:  1.1475584927652864e-05 mesh:  [0.00000000e+00 2.47421633e-04 2.02519941e-02 4.20389168e-01
 6.41627394e+00            inf] orders:  [ 7 15 15 15 10] nonZeroAmount:  2185 errors:  [1.11330188e-05 3.15321164e-07 1.01559227e-08 7.53943419e-09
 9.54956862e-09]
error:  2.275607801442137e-05 mesh:  [0.00000000e+00 5.49204898e-04 6.05537774e-02 8.71664888e-01
 1.21789351e+01            inf] orders:  [ 8 16 16 16 10] nonZeroAmount:  2481 errors:  [2.13974087e-05 1.35596830e-06 3.64029655e-10 1.07831740e-09
 1.25865873e-09]
error:  2.0155118104734145e-05 mesh:  [0.00000000e+00 4.94335213e-04 6.04989077e-02 8.93832241e-01
 1.22175634e+01            inf] orders:  [ 8 17 17 17 11] nonZeroAmount:  2799 errors:  [1.90056541e-05 1.14806447e-06 1.46698957e-10 5.12520929e-10
 7.40305337e-10]

 error:  0.14080380402964632 mesh:  [0.         0.00199954 0.01999543 0.19995428 0.8003658  1.77567444
        inf] orders:  [2 2 2 2 2 2] nonZeroAmount:  57 errors:  [0.01416304 0.03825042 0.05066123 0.00966082 0.00130567 0.02676262]
error:  0.01846334012398271 mesh:  [0.00000000e+00 1.99954275e-03 1.99954275e-02 1.93452218e-01
 9.93863740e-01 2.99797897e+00            inf] orders:  [2 3 3 3 3 2] nonZeroAmount:  113 errors:  [0.0036208  0.00509382 0.00460087 0.00103241 0.00041325 0.00370219]
error:  0.0038450674999848207 mesh:  [0.00000000e+00 1.18472794e-03 1.91806127e-02 1.59139460e-01
 9.28275263e-01 4.10111477e+00            inf] orders:  [2 4 4 4 4 2] nonZeroAmount:  189 errors:  [0.00120657 0.00048932 0.00041527 0.0002393  0.00022832 0.00126629]
error:  0.00047296949885677957 mesh:  [0.00000000e+00 7.90580704e-04 1.47946959e-02 1.34835848e-01
 7.68169182e-01 3.82578235e+00            inf] orders:  [3 5 5 5 5 3] nonZeroAmount:  313 errors:  [2.83548113e-04 4.95084084e-05 2.31417546e-05 1.53165070e-05
 1.85690494e-05 8.28856664e-05]
error:  0.00010574043120021483 mesh:  [0.00000000e+00 3.47965249e-04 7.69364426e-03 8.77347965e-02
 6.88146319e-01 3.91859899e+00            inf] orders:  [4 6 6 6 6 4] nonZeroAmount:  469 errors:  [6.46836308e-05 1.19438307e-05 8.24106523e-06 7.52786859e-06
 2.91413595e-06 1.04298999e-05]
error:  5.293698058444295e-05 mesh:  [0.00000000e+00 2.22679470e-04 6.22679470e-03 8.62679470e-02
 7.08901692e-01 4.94346959e+00            inf] orders:  [4 7 7 7 7 4] nonZeroAmount:  613 errors:  [3.78262037e-05 4.39651393e-06 2.67492922e-06 1.85975475e-06
 1.42411309e-06 4.75546590e-06]
error:  2.395213555690951e-05 mesh:  [0.00000000e+00 2.22679470e-04 6.22679470e-03 8.62679470e-02
 7.53346136e-01 5.65458070e+00            inf] orders:  [5 8 8 8 8 5] nonZeroAmount:  825 errors:  [2.08147033e-05 9.24919534e-07 6.85769787e-07 5.09022747e-07
 2.56533532e-07 7.61186669e-07]
error:  6.512194440531101e-06 mesh:  [0.00000000e+00 5.07544582e-05 2.05486968e-03 3.54293553e-02
 3.98803841e-01 3.36588203e+00            inf] orders:  [6 9 9 9 9 6] nonZeroAmount:  1069 errors:  [3.76502538e-06 3.42084041e-07 2.41524178e-07 2.72468068e-07
 4.06343780e-07 1.48474900e-06]
error:  9.570105251972131e-06 mesh:  [0.00000000e+00 1.23914037e-04 6.12802926e-03 8.20539552e-02
 8.15798811e-01 7.78287700e+00            inf] orders:  [ 6 10 10 10 10  6] nonZeroAmount:  1281 errors:  [8.86721113e-06 4.95752010e-07 4.01198554e-08 5.46969100e-08
 2.03294078e-08 9.19959378e-08]
error:  6.068114935241718e-06 mesh:  [0.00000000e+00 1.09282122e-04 6.11339735e-03 8.61545496e-02
 8.38829447e-01 8.82648377e+00            inf] orders:  [ 7 11 11 11 11  7] nonZeroAmount:  1581 errors:  [5.67086146e-06 3.41706325e-07 1.52197590e-08 1.03986078e-08
 4.57666612e-09 2.53521128e-08]

 error:  0.13981784663861302 mesh:  [0.00000000e+00 1.99588477e-04 1.99835391e-03 1.99860082e-02
 1.99615638e-01 8.00850206e-01 1.77615885e+00            inf] orders:  [2 2 2 2 2 2 2] nonZeroAmount:  69 errors:  [0.00259439 0.01049411 0.0382426  0.05073482 0.00971551 0.00130414
 0.02673228]
error:  0.017754958296368514 mesh:  [0.00000000e+00 1.99588477e-04 1.99835391e-03 1.99860082e-02
 1.93689712e-01 9.94924280e-01 3.00726996e+00            inf] orders:  [2 2 3 3 3 3 2] nonZeroAmount:  125 errors:  [0.00100037 0.00189636 0.00511309 0.00462332 0.0010403  0.00041937
 0.00366215]
error:  0.0033632850919858475 mesh:  [0.00000000e+00 1.99862826e-04 1.48504801e-03 1.94727023e-02
 1.59349246e-01 9.26015912e-01 4.09885542e+00            inf] orders:  [2 2 4 4 4 4 2] nonZeroAmount:  201 errors:  [0.00047081 0.00031418 0.0004334  0.00040732 0.00023925 0.0002297
 0.00126862]
error:  0.00033240923493564855 mesh:  [0.00000000e+00 1.33196159e-04 1.24060357e-03 1.72529492e-02
 1.37376406e-01 7.80586283e-01 3.85466036e+00            inf] orders:  [2 3 5 5 5 5 3] nonZeroAmount:  329 errors:  [1.37650577e-04 3.54338219e-05 2.67976314e-05 1.84047896e-05
 1.51076324e-05 1.82694803e-05 8.07453028e-05]
error:  5.751541268299672e-05 mesh:  [0.00000000e+00 9.17695473e-05 1.09300412e-03 1.51053498e-02
 1.35228807e-01 8.03130041e-01 4.24757449e+00            inf] orders:  [3 4 6 6 6 6 4] nonZeroAmount:  502 errors:  [3.33677997e-05 5.34403198e-06 3.89138917e-06 3.02042133e-06
 2.09905446e-06 1.87476811e-06 7.91794793e-06]
error:  3.145186284845032e-05 mesh:  [0.00000000e+00 6.68038409e-05 6.70507545e-04 1.26828532e-02
 1.32806310e-01 9.34040878e-01 5.56367051e+00            inf] orders:  [3 4 7 7 7 7 4] nonZeroAmount:  646 errors:  [2.11477406e-05 2.52671414e-06 1.59781593e-06 1.21285044e-06
 9.50093609e-07 7.99182813e-07 3.21746534e-06]
error:  7.099107421231337e-06 mesh:  [0.00000000e+00 2.26337449e-05 3.57201646e-04 7.06090535e-03
 8.71843621e-02 7.55085597e-01 5.65632016e+00            inf] orders:  [4 5 8 8 8 8 5] nonZeroAmount:  881 errors:  [4.24509358e-06 5.31966925e-07 3.93116238e-07 4.34068162e-07
 4.85090706e-07 2.49363874e-07 7.60407939e-07]
error:  3.1168664806549662e-06 mesh:  [0.00000000e+00 1.11111111e-05 2.44444444e-04 6.25679012e-03
 8.63802469e-02 7.81441975e-01 6.39872593e+00            inf] orders:  [4 6 9 9 9 9 6] nonZeroAmount:  1133 errors:  [2.04048413e-06 3.32469322e-07 2.07557842e-07 1.79952812e-07
 1.29299432e-07 5.46811285e-08 1.72421810e-07]
error:  1.7052926364681733e-06 mesh:  [0.00000000e+00 1.08367627e-05 2.12071331e-04 6.22441701e-03
 8.63478738e-02 8.23384911e-01 7.82338491e+00            inf] orders:  [ 5  6 10 10 10 10  6] nonZeroAmount:  1366 errors:  [1.22368083e-06 1.72750007e-07 1.08683177e-07 5.05284119e-08
 4.07598291e-08 1.84038753e-08 9.04865035e-08]
error:  1.033276598477189e-06 mesh:  [0.00000000e+00 7.81893004e-06 2.09053498e-04 6.22139918e-03
 8.63448560e-02 8.38196708e-01 8.82585103e+00            inf] orders:  [ 5  7 11 11 11 11  7] nonZeroAmount:  1676 errors:  [8.56756484e-07 7.58574295e-08 4.66757608e-08 1.38345350e-08
 1.01431444e-08 4.65154044e-09 2.53577043e-08]
error:  5.631332282825336e-07 mesh:  [0.00000000e+00 7.54458162e-06 2.08779150e-04 6.22112483e-03
 8.65914952e-02 8.87826063e-01 1.01841224e+01            inf] orders:  [ 6  8 12 12 12 12  8] nonZeroAmount:  2045 errors:  [5.00066131e-07 2.57360631e-08 1.98199825e-08 3.92518442e-09
 3.75385918e-09 2.24245481e-09 7.58955304e-09]
error:  5.316800834773449e-07 mesh:  [0.00000000e+00 7.54458162e-06 2.08779150e-04 6.22112483e-03
 8.95544582e-02 9.64863100e-01 1.15944927e+01            inf] orders:  [ 6  8 13 13 13 13  8] nonZeroAmount:  2325 errors:  [4.94431979e-07 1.90495329e-08 8.37434395e-09 1.46720140e-09
 1.47296302e-09 1.82495467e-09 5.05910841e-09]
error:  3.4715170337681856e-07 mesh:  [0.00000000e+00 7.54458162e-06 2.08779150e-04 6.22112483e-03
 9.30112483e-02 1.03745569e+00 1.26300483e+01            inf] orders:  [ 7  9 14 14 14 14  9] nonZeroAmount:  2756 errors:  [3.32651904e-07 7.29545781e-09 3.52361315e-09 5.96588666e-10
 5.36434630e-10 5.38005826e-10 2.00969954e-09]
error:  2.48185688882428e-07 mesh:  [0.00000000e+00 4.52674897e-06 2.05761317e-04 6.21810700e-03
 9.52304527e-02 1.10634156e+00 1.30939959e+01            inf] orders:  [ 7 10 15 15 15 15 10] nonZeroAmount:  3190 errors:  [2.31869736e-07 1.31679459e-08 1.60211540e-09 2.23150248e-10
 2.13835480e-10 1.03969174e-10 1.00493703e-09]
error:  2.007283563330952e-07 mesh:  [0.00000000e+00 5.07544582e-06 2.06310014e-04 6.21865569e-03
 1.26342112e-01 1.55226804e+00 1.61078236e+01            inf] orders:  [ 8 10 16 16 16 16 10] nonZeroAmount:  3573 errors:  [1.88847770e-07 9.55863025e-09 6.74794630e-10 9.25256490e-10
 8.54084560e-11 1.06944943e-10 5.29551192e-10]
error:  1.6344658062066173e-07 mesh:  [0.00000000e+00 3.97805213e-06 2.05212620e-04 6.21755830e-03
 1.26341015e-01 1.68560027e+00 1.76485632e+01            inf] orders:  [ 8 11 17 17 17 17 11] nonZeroAmount:  4065 errors:  [1.53354696e-07 9.13713493e-09 2.92723654e-10 3.29381864e-10
 5.64559224e-11 3.87424761e-11 2.37445716e-10]
error:  1.1297083990670912e-07 mesh:  [0.00000000e+00 3.42935528e-06 2.04663923e-04 6.21700960e-03
 1.26340466e-01 1.83374787e+00 1.97967108e+01            inf] orders:  [ 9 12 18 18 18 18 12] nonZeroAmount:  4630 errors:  [1.05417099e-07 7.14086058e-09 1.26477541e-10 1.18085569e-10
 4.40514068e-11 2.01729693e-11 1.04093017e-10]


 error:  0.1399994634572745 mesh:  [0.00000000e+00 1.99588477e-05 1.99588477e-04 1.99588477e-03
 1.99588477e-02 1.99588477e-01 8.03292181e-01 1.80329218e+00
            inf] orders:  [2 2 2 2 2 2 2 2] nonZeroAmount:  81 errors:  [0.00041552 0.00205611 0.01053431 0.03852836 0.05171922 0.01022311
 0.00141827 0.02510456]
error:  0.01697307359101394 mesh:  [0.00000000e+00 1.98765432e-05 1.99506173e-04 1.99580247e-03
 1.99587654e-02 1.93662469e-01 9.97366173e-01 3.03440321e+00
            inf] orders:  [2 2 3 3 3 3 3 2] nonZeroAmount:  152 errors:  [0.0001372  0.00036261 0.0015611  0.00514767 0.00470298 0.0010742
 0.00043882 0.0035485 ]
error:  0.0027573773429392535 mesh:  [0.00000000e+00 1.99588477e-05 1.86255144e-04 1.98255144e-03
 1.99455144e-02 1.72908477e-01 9.69204774e-01 4.19142700e+00
            inf] orders:  [2 2 4 4 4 4 4 2] nonZeroAmount:  249 errors:  [6.29370139e-05 6.06672447e-05 1.77320118e-04 4.57055492e-04
 3.84631430e-04 2.16306468e-04 2.20955869e-04 1.17750371e-03]
error:  0.00017728834444243768 mesh:  [0.00000000e+00 1.69135802e-05 1.56543210e-04 1.95283951e-03
 1.99158025e-02 1.46212099e-01 8.09175062e-01 3.88324914e+00
            inf] orders:  [2 3 5 5 5 5 5 3] nonZeroAmount:  404 errors:  [1.79898556e-05 5.55056727e-06 1.35992082e-05 1.69074678e-05
 1.49142469e-05 1.32728468e-05 1.63494186e-05 7.87047333e-05]
error:  2.066632067666712e-05 mesh:  [0.00000000e+00 1.10699588e-05 1.30699588e-04 1.92699588e-03
 1.98899588e-02 1.46926996e-01 8.24704774e-01 4.34322329e+00
            inf] orders:  [3 4 6 6 6 6 6 4] nonZeroAmount:  610 errors:  [4.20106403e-06 1.04636365e-06 1.48376556e-06 1.46906874e-06
 1.51831940e-06 1.58776937e-06 2.01784220e-06 7.34212773e-06]
error:  8.632842575198939e-06 mesh:  [0.00000000e+00 7.11934156e-06 8.37860082e-05 1.67267490e-03
 1.96356379e-02 1.62228230e-01 1.03259860e+00 5.73630230e+00
            inf] orders:  [3 4 7 7 7 7 7 4] nonZeroAmount:  793 errors:  [2.61936338e-06 5.09489616e-07 4.30860788e-07 4.06347810e-07
 4.69175314e-07 5.55619367e-07 7.31251611e-07 2.91073469e-06]
error:  2.1125353786885496e-06 mesh:  [0.00000000e+00 6.70781893e-06 8.04115226e-05 1.55078189e-03
 1.84767078e-02 1.58847078e-01 9.62550782e-01 6.18477300e+00
            inf] orders:  [4 5 8 8 8 8 8 5] nonZeroAmount:  1073 errors:  [1.03243888e-06 7.98584898e-08 7.20666483e-08 7.85316337e-08
 9.72766133e-08 5.11475431e-08 1.32780899e-07 5.68434673e-07]
error:  6.052918729673082e-07 mesh:  [0.00000000e+00 1.19341564e-06 2.67489712e-05 6.82304527e-04
 1.02008230e-02 1.06126749e-01 8.28348971e-01 6.64316379e+00
            inf] orders:  [4 6 9 9 9 9 9 6] nonZeroAmount:  1376 errors:  [2.23578468e-07 3.93949491e-08 3.08931328e-08 3.53778481e-08
 4.48151285e-08 4.75542971e-08 3.09044756e-08 1.52773574e-07]
error:  2.917140354679737e-07 mesh:  [0.00000000e+00 1.11111111e-06 2.14814815e-05 6.25185185e-04
 9.99555556e-03 1.05921481e-01 8.57773333e-01 7.93184741e+00
            inf] orders:  [ 5  6 10 10 10 10 10  6] nonZeroAmount:  1666 errors:  [1.24430143e-07 1.79297417e-08 1.30370273e-08 1.30174654e-08
 1.12598497e-08 1.19833188e-08 1.34501117e-08 8.66063782e-08]
error:  1.3925420437213486e-07 mesh:  [0.00000000e+00 7.81893004e-07 2.11522634e-05 6.24855967e-04
 1.06618930e-02 1.11773004e-01 9.15476708e-01 8.87843967e+00
            inf] orders:  [ 5  7 11 11 11 11 11  7] nonZeroAmount:  2039 errors:  [8.66997090e-08 8.10683520e-09 5.28199904e-09 5.91600355e-09
 2.47644267e-09 2.60422422e-09 3.28283721e-09 2.48861535e-08]
error:  6.878005924758862e-08 mesh:  [0.00000000e+00 7.81893004e-07 2.11522634e-05 6.24855967e-04
 1.06618930e-02 1.17698930e-01 9.95476708e-01 1.00695508e+01
            inf] orders:  [ 6  8 12 12 12 12 12  8] nonZeroAmount:  2477 errors:  [5.11866843e-08 2.53413300e-09 2.02561482e-09 1.86228272e-09
 9.20029203e-10 7.42723764e-10 1.64482953e-09 7.86376196e-09]
error:  6.055601415017987e-08 mesh:  [0.00000000e+00 7.81893004e-07 2.11522634e-05 6.24855967e-04
 1.06618930e-02 1.18439671e-01 1.03325449e+00 1.14406619e+01
            inf] orders:  [ 6  8 13 13 13 13 13  8] nonZeroAmount:  2832 errors:  [5.06034267e-08 1.81947320e-09 8.20615841e-10 5.87583313e-10
 2.37034769e-10 2.08285499e-10 1.00526528e-09 5.27432954e-09]
error:  3.8055426318426144e-08 mesh:  [0.00000000e+00 7.81893004e-07 2.11522634e-05 6.24855967e-04
 1.06618930e-02 1.25106337e-01 1.12881004e+00 1.24251063e+01
            inf] orders:  [ 7  9 14 14 14 14 14  9] nonZeroAmount:  3344 errors:  [3.42417913e-08 6.89841952e-10 3.39841734e-10 1.87016208e-10
 1.02521683e-10 7.15953486e-11 3.08272740e-10 2.11454536e-09]
error:  2.6110723626370646e-08 mesh:  [0.00000000e+00 4.52674897e-07 2.08230453e-05 6.24526749e-04
 1.06615638e-02 1.25106008e-01 1.17325416e+00 1.31362171e+01
            inf] orders:  [ 7 10 15 15 15 15 15 10] nonZeroAmount:  3865 errors:  [2.34127384e-08 1.37733625e-09 1.54283075e-10 6.01871033e-11
 2.65029082e-11 1.97337501e-11 6.49941536e-11 9.94948022e-10]
error:  2.1068669869253846e-08 mesh:  [0.00000000e+00 5.34979424e-07 2.09053498e-05 6.24609053e-04
 1.26616461e-02 1.54513498e-01 1.61006905e+00 1.62396987e+01
            inf] orders:  [ 8 10 16 16 16 16 16 10] nonZeroAmount:  4341 errors:  [1.94065554e-08 8.62909843e-10 6.42940541e-11 9.11582583e-11
 1.27924943e-11 2.27774930e-11 9.17749600e-11 5.16407361e-10]
error:  1.6890971236986186e-08 mesh:  [0.00000000e+00 3.70370370e-07 2.07407407e-05 6.24444444e-04
 1.26614815e-02 1.73031852e-01 1.74710593e+00 1.81545133e+01
            inf] orders:  [ 8 11 17 17 17 17 17 11] nonZeroAmount:  4932 errors:  [1.53754619e-08 1.16344308e-09 2.82322534e-11 3.24401201e-11
 1.25723833e-11 1.72043051e-11 4.39314000e-11 2.17685771e-10]
error:  1.1600379168651175e-08 mesh:  [0.00000000e+00 3.70370370e-07 2.07407407e-05 6.24444444e-04
 1.26614815e-02 1.59698519e-01 1.87451333e+00 1.98374763e+01
            inf] orders:  [ 9 12 18 18 18 18 18 12] nonZeroAmount:  5602 errors:  [1.08345247e-08 6.02147983e-10 1.19508280e-11 1.16108253e-11
 1.41220964e-12 1.84810216e-11 1.68131533e-11 1.03438460e-10]


 error:  0.25018486889076347 mesh:  [0.00000000e+00 1.98765432e-06 1.98765432e-05 1.98765432e-04
 1.98765432e-03 1.98765432e-02 1.99506173e-01 1.40320988e+00
 2.10691358e+00            inf] orders:  [2 2 2 2 2 2 2 2 2] nonZeroAmount:  93 errors:  [6.73557145e-05 3.86791146e-04 2.43124703e-03 1.32773769e-02
 5.57382356e-02 1.20002636e-01 4.46621074e-02 1.15587616e-04
 1.35035318e-02]
error:  0.0263187028094753 mesh:  [0.00000000e+00 1.98765432e-06 1.98765432e-05 1.98765432e-04
 1.98765432e-03 1.98765432e-02 1.99506173e-01 1.40320988e+00
 3.51432099e+00            inf] orders:  [2 2 3 3 3 3 3 3 2] nonZeroAmount:  179 errors:  [1.93382322e-05 6.61985221e-05 3.70911069e-04 1.94009070e-03
 7.41681982e-03 1.12547307e-02 2.92241873e-03 1.93579812e-04
 2.13461518e-03]
error:  0.0034458340171891555 mesh:  [0.00000000e+00 1.98765432e-06 1.98765432e-05 1.98765432e-04
 1.98765432e-03 1.99506173e-02 1.98839506e-01 1.40254321e+00
 4.92106173e+00            inf] orders:  [2 2 4 4 4 4 4 4 2] nonZeroAmount:  297 errors:  [8.06971119e-06 1.14635276e-05 5.07125555e-05 2.57182435e-04
 9.10771760e-04 1.04362406e-03 3.65632273e-04 1.05594908e-04
 6.92782789e-04]
error:  0.00029952552592692417 mesh:  [0.00000000e+00 1.98765432e-06 1.98765432e-05 1.98765432e-04
 1.98765432e-03 1.99506173e-02 1.98839506e-01 1.40254321e+00
 4.92106173e+00            inf] orders:  [2 3 5 5 5 5 5 5 3] nonZeroAmount:  479 errors:  [2.43169447e-06 1.14486538e-06 5.80763778e-06 2.83637043e-05
 9.15218081e-05 7.46807169e-05 5.43395454e-05 6.10303167e-06
 3.51325219e-05]
error:  1.764520668311143e-05 mesh:  [0.00000000e+00 1.34567901e-06 1.52345679e-05 1.94123457e-04
 1.98301235e-03 1.99459753e-02 1.61057086e-01 9.64760790e-01
 4.48327931e+00            inf] orders:  [3 4 6 6 6 6 6 6 4] nonZeroAmount:  718 errors:  [4.93700802e-07 1.19829595e-07 4.18319815e-07 1.48731806e-06
 2.25360856e-06 2.44384479e-06 2.52724338e-06 1.30546845e-06
 6.59587322e-06]
error:  5.7198416549622595e-06 mesh:  [0.00000000e+00 8.02469136e-07 9.35802469e-06 1.88246914e-04
 1.97713580e-03 1.99400988e-02 1.81051210e-01 1.18475491e+00
 6.11068084e+00            inf] orders:  [3 4 7 7 7 7 7 7 4] nonZeroAmount:  940 errors:  [2.96004484e-07 6.26629697e-08 6.80586441e-08 2.11259047e-07
 4.82143430e-07 8.19898149e-07 7.42453492e-07 6.69388336e-07
 2.36797310e-06]
error:  1.0524160963673173e-06 mesh:  [0.00000000e+00 6.79012346e-07 8.79012346e-06 1.72123457e-04
 1.96101235e-03 1.99239753e-02 1.80294346e-01 1.19140546e+00
 6.58646719e+00            inf] orders:  [4 5 8 8 8 8 8 8 5] nonZeroAmount:  1265 errors:  [1.09824951e-07 1.07083105e-08 1.09207956e-08 2.32042520e-08
 5.72011679e-08 1.51548967e-07 1.15568333e-07 1.09720619e-07
 4.63718700e-07]
error:  2.5232687353584715e-07 mesh:  [0.00000000e+00 1.85185185e-07 4.07407407e-06 1.03703704e-04
 1.64814815e-03 1.79814815e-02 1.45759259e-01 9.49462963e-01
 6.81366049e+00            inf] orders:  [4 6 9 9 9 9 9 9 6] nonZeroAmount:  1619 errors:  [3.42643071e-08 6.26159140e-09 6.27693655e-09 7.93431076e-09
 1.02504566e-08 1.11543002e-08 1.26943944e-08 2.26848246e-08
 1.40805752e-07]
error:  1.2936738245996878e-07 mesh:  [0.00000000e+00 1.60493827e-07 3.16049383e-06 9.31604938e-05
 1.59316049e-03 1.83709383e-02 1.58000568e-01 1.15429686e+00
 8.42590180e+00            inf] orders:  [ 5  6 10 10 10 10 10 10  6] nonZeroAmount:  1966 errors:  [1.83834551e-08 2.99557362e-09 2.50109537e-09 3.05333964e-09
 3.46113148e-09 3.59552548e-09 6.22158522e-09 1.76711667e-08
 7.14845099e-08]
error:  4.3031007877242386e-08 mesh:  [0.00000000e+00 1.11111111e-07 2.81481481e-06 9.05925926e-05
 1.61281481e-03 1.95017037e-02 1.78390593e-01 1.36727948e+00
 9.73353463e+00            inf] orders:  [ 5  7 11 11 11 11 11 11  7] nonZeroAmount:  2402 errors:  [1.18627332e-08 1.40956059e-09 1.10271023e-09 1.16908304e-09
 1.23999176e-09 1.32741093e-09 1.88721723e-09 4.40665445e-09
 1.86256464e-08]
error:  1.6509759165303972e-08 mesh:  [0.00000000e+00 7.81893004e-08 2.41152263e-06 8.35226337e-05
 1.51685597e-03 1.89613004e-02 1.80072412e-01 1.37636871e+00
 1.05245169e+01            inf] orders:  [ 6  8 12 12 12 12 12 12  8] nonZeroAmount:  2909 errors:  [5.70837405e-09 6.41626419e-10 5.21860212e-10 3.92502244e-10
 3.92392976e-10 3.91355464e-10 2.79778457e-10 1.33534858e-09
 6.84652076e-09]
error:  1.1954408420917082e-08 mesh:  [0.00000000e+00 7.81893004e-08 2.11522634e-06 6.32263374e-05
 1.07433745e-03 1.29632263e-02 1.29629893e-01 1.02962989e+00
 1.15851854e+01            inf] orders:  [ 6  8 13 13 13 13 13 13  8] nonZeroAmount:  3339 errors:  [5.06343191e-09 1.84398565e-10 8.78508622e-11 5.78429518e-11
 5.27895001e-11 1.00457891e-10 7.82770308e-11 1.25756676e-09
 5.07179295e-09]


 error:  0.32098934137188695 mesh:  [0.00000000e+00 1.96296296e-07 1.96296296e-06 1.96296296e-05
 1.96296296e-04 1.96296296e-03 1.96296296e-02 1.98518519e-01
 1.40962963e+00 3.52074074e+00 4.63185185e+00            inf] orders:  [2 2 2 2 2 2 2 2 2 2 2] nonZeroAmount:  117 errors:  [9.36935425e-06 5.82521829e-05 4.03358235e-04 2.57096170e-03
 1.43735658e-02 6.32762792e-02 1.56663404e-01 7.82887753e-02
 4.47141357e-03 2.86271834e-05 8.45335278e-04]
error:  0.07489514562673849 mesh:  [0.00000000e+00 1.96296296e-07 1.96296296e-06 1.96296296e-05
 1.96296296e-04 1.96296296e-03 1.98518519e-02 1.98740741e-01
 1.80985185e+00 7.92096296e+00 1.12542963e+01            inf] orders:  [2 2 2 3 3 3 3 3 3 3 2] nonZeroAmount:  218 errors:  [3.56662182e-06 1.67644561e-05 7.94042129e-05 4.73673833e-04
 2.71065542e-03 1.24583614e-02 3.42416714e-02 2.02422978e-02
 4.61834787e-03 4.70950869e-07 4.99316622e-05]
error:  0.006472170482075222 mesh:  [0.00000000e+00 1.96296296e-07 1.96296296e-06 1.96296296e-05
 1.96296296e-04 1.96296296e-03 1.98518519e-02 1.98740741e-01
 1.60985185e+00 7.72096296e+00 1.77209630e+01            inf] orders:  [2 2 2 4 4 4 4 4 4 4 2] nonZeroAmount:  357 errors:  [1.75889997e-06 5.69634459e-06 1.27489467e-05 6.01612891e-05
 3.26994956e-04 1.33963476e-03 2.64520485e-03 1.28373999e-03
 7.78561820e-04 5.37652556e-06 1.22920960e-05]
error:  0.00053087214657043 mesh:  [0.00000000e+00 1.96296296e-07 1.96296296e-06 1.96296296e-05
 1.96296296e-04 1.98518519e-03 1.98740741e-02 1.98762963e-01
 1.43209630e+00 7.54320741e+00 1.75432074e+01            inf] orders:  [2 2 3 5 5 5 5 5 5 5 3] nonZeroAmount:  566 errors:  [7.65748156e-07 1.02101004e-06 1.21556208e-06 6.37497203e-06
 3.20955739e-05 1.13693706e-04 1.32558656e-04 1.01365836e-04
 1.40957066e-04 2.10570778e-07 6.13445408e-07]
error:  5.177831291246455e-05 mesh:  [0.00000000e+00 1.96296296e-07 1.96296296e-06 1.96296296e-05
 1.96296296e-04 1.98518519e-03 1.98740741e-02 1.98762963e-01
 1.43209630e+00 7.54320741e+00 1.75432074e+01            inf] orders:  [2 3 4 6 6 6 6 6 6 6 4] nonZeroAmount:  842 errors:  [2.39126037e-07 1.10700186e-07 1.18946987e-07 6.61798587e-07
 3.19835648e-06 1.04887921e-05 1.08575819e-05 1.07224456e-05
 1.52876258e-05 7.41303828e-09 8.55262334e-08]
error:  6.478473579520642e-06 mesh:  [0.00000000e+00 1.29629630e-07 1.22962963e-06 1.08962963e-05
 1.87562963e-04 1.97645185e-03 1.98653407e-02 1.96532007e-01
 1.40764312e+00 7.51875423e+00 2.41854209e+01            inf] orders:  [2 3 4 7 7 7 7 7 7 7 4] nonZeroAmount:  1103 errors:  [1.39509003e-07 4.21445465e-08 3.71669802e-08 7.72267994e-08
 3.06426334e-07 9.52868641e-07 1.48900283e-06 1.71362658e-06
 1.65809700e-06 3.04645866e-08 3.19402771e-08]
error:  8.702249166302335e-07 mesh:  [0.00000000e+00 8.51851852e-08 1.05185185e-06 1.07185185e-05
 1.87385185e-04 1.97627407e-03 1.98651630e-02 1.89865163e-01
 1.40097627e+00 7.51208739e+00 2.41787541e+01            inf] orders:  [3 4 5 8 8 8 8 8 8 8 5] nonZeroAmount:  1490 errors:  [3.31524108e-08 7.65377031e-09 6.48997781e-09 9.08957980e-09
 2.71274773e-08 8.37488534e-08 2.30191503e-07 3.02418289e-07
 1.60213365e-07 2.12605421e-09 8.01363600e-09]
error:  1.5074609688708312e-07 mesh:  [0.00000000e+00 7.03703704e-08 7.03703704e-07 9.03703704e-06
 1.72370370e-04 1.96125926e-03 1.98501481e-02 1.89850148e-01
 1.40096126e+00 7.51207237e+00 2.41787390e+01            inf] orders:  [3 4 6 9 9 9 9 9 9 9 6] nonZeroAmount:  1895 errors:  [2.19223505e-08 2.18383046e-09 1.89218396e-09 2.14126686e-09
 3.38690092e-09 1.09405547e-08 4.58109862e-08 4.56438601e-08
 1.39564037e-08 1.48862325e-10 2.71889716e-09]
error:  3.7925287004565414e-08 mesh:  [0.00000000e+00 6.79012346e-08 7.67901235e-07 7.76790123e-06
 1.51101235e-04 1.91776790e-03 1.98066568e-02 1.89806657e-01
 1.40091777e+00 7.51202888e+00 3.08453622e+01            inf] orders:  [ 4  5  6 10 10 10 10 10 10 10  6] nonZeroAmount:  2322 errors:  [1.00445861e-08 5.31879753e-10 4.57741921e-10 6.12873277e-10
 8.36021250e-10 2.07066782e-09 9.70327584e-09 1.08429226e-08
 1.07215261e-09 4.59052605e-10 1.29411322e-09]
error:  1.1921356744971379e-08 mesh:  [0.00000000e+00 6.79012346e-08 6.79012346e-07 7.67901235e-06
 1.46567901e-04 1.93545679e-03 1.96021235e-02 1.56268790e-01
 1.05626879e+00 7.38960212e+00 3.07229355e+01            inf] orders:  [ 4  5  7 11 11 11 11 11 11 11  7] nonZeroAmount:  2821 errors:  [9.35783905e-09 1.55494145e-10 1.20130853e-10 1.61876465e-10
 2.27166425e-10 3.31890220e-10 3.47716369e-10 4.61793465e-10
 1.62420131e-10 5.65003575e-11 5.38529268e-10]
error:  3.2018502263694386e-09 mesh:  [0.00000000e+00 1.11111111e-08 2.22222222e-07 4.33333333e-06
 1.05444444e-04 1.60544444e-03 1.74943333e-02 1.54161000e-01
 1.12082767e+00 8.12082767e+00 3.81208277e+01            inf] orders:  [ 4  6  8 12 12 12 12 12 12 12  8] nonZeroAmount:  3405 errors:  [1.87686062e-09 2.33766194e-10 1.50901858e-10 1.37518582e-10
 1.35088999e-10 1.23167177e-10 1.69314407e-10 1.58978873e-10
 4.44474009e-11 4.04251218e-11 1.31380998e-10]
error:  1.5866804357273965e-09 mesh:  [0.00000000e+00 8.64197531e-09 1.53086420e-07 2.48641975e-06
 6.58197531e-05 1.09915309e-03 1.29880420e-02 1.29654709e-01
 1.05187693e+00 7.38521026e+00 3.73852103e+01            inf] orders:  [ 5  6  8 13 13 13 13 13 13 13  8] nonZeroAmount:  3931 errors:  [8.78702521e-10 6.34976067e-11 4.42423829e-11 5.08298905e-11
 5.24731740e-11 4.43089707e-11 9.86595898e-11 9.99817351e-11
 9.86062532e-11 1.59947208e-11 1.39383590e-10]
error:  7.136606505843147e-10 mesh:  [0.00000000e+00 3.70370370e-09 1.03703704e-07 2.21481481e-06
 6.33259259e-05 1.09665926e-03 1.29855481e-02 1.29652215e-01
 1.09631888e+00 7.42965221e+00 4.18740967e+01            inf] orders:  [ 5  7  9 14 14 14 14 14 14 14  9] nonZeroAmount:  4615 errors:  [4.29390670e-10 5.42491256e-11 3.37356532e-11 2.90929670e-11
 2.14351288e-11 1.15663332e-11 2.26875665e-11 2.95066174e-11
 1.90317301e-11 1.17167712e-11 5.12480877e-11]
error:  3.925581976675416e-10 mesh:  [0.00000000e+00 3.70370370e-09 8.14814815e-08 2.19259259e-06
 6.33037037e-05 1.09663704e-03 1.27633037e-02 1.29429970e-01
 1.11831886e+00 7.45165219e+00 4.41183189e+01            inf] orders:  [ 6  7 10 15 15 15 15 15 15 15 10] nonZeroAmount:  5335 errors:  [2.60955304e-10 3.48700581e-11 2.75949454e-11 1.25986184e-11
 6.94194014e-12 2.49726066e-12 6.20925035e-12 8.07154250e-12
 4.44582327e-12 3.89913748e-12 2.44743170e-11]

 error:  0.3472696286016832 mesh:  [0.00000000e+00 1.96296296e-08 1.96296296e-07 1.96296296e-06
 1.96296296e-05 1.96296296e-04 1.96296296e-03 1.96296296e-02
 1.96296296e-01 1.42962963e+00 3.76296296e+00 4.87407407e+00
            inf] orders:  [2 2 2 2 2 2 2 2 2 2 2 2] nonZeroAmount:  129 errors:  [1.22455034e-06 8.01362745e-06 5.88323580e-05 4.08186118e-04
 2.60950387e-03 1.46616385e-02 6.51841173e-02 1.66583345e-01
 9.10054023e-02 6.01246464e-03 2.20299837e-05 7.14870699e-04]
error:  0.07621935195547784 mesh:  [0.00000000e+00 1.96296296e-08 1.96296296e-07 1.96296296e-06
 1.96296296e-05 1.96296296e-04 1.96296296e-03 1.96296296e-02
 1.96296296e-01 1.82962963e+00 7.94074074e+00 1.12740741e+01
            inf] orders:  [2 2 2 3 3 3 3 3 3 3 3 2] nonZeroAmount:  245 errors:  [4.26335136e-07 2.14150777e-06 1.12200373e-05 7.34708943e-05
 4.75342288e-04 2.72324600e-03 1.25661100e-02 3.53421550e-02
 2.04999308e-02 4.47518545e-03 4.63928054e-07 4.96597226e-05]
error:  0.006651114498766663 mesh:  [0.00000000e+00 1.96296296e-08 1.96296296e-07 1.96296296e-06
 1.96296296e-05 1.96296296e-04 1.96296296e-03 1.96296296e-02
 1.96296296e-01 1.62962963e+00 7.74074074e+00 1.77407407e+01
            inf] orders:  [2 2 2 4 4 4 4 4 4 4 4 2] nonZeroAmount:  405 errors:  [1.94065131e-07 6.70991074e-07 1.76196853e-06 9.61931718e-06
 6.03482220e-05 3.28371861e-04 1.36606358e-03 2.82018007e-03
 1.29881687e-03 7.47543656e-04 5.29380889e-06 1.22500881e-05]
error:  0.0005387337107807934 mesh:  [0.00000000e+00 1.96296296e-08 1.96296296e-07 1.96296296e-06
 1.96296296e-05 1.96296296e-04 1.96296296e-03 1.96296296e-02
 1.96296296e-01 1.42962963e+00 7.54074074e+00 1.75407407e+01
            inf] orders:  [2 2 3 5 5 5 5 5 5 5 5 3] nonZeroAmount:  641 errors:  [8.05248655e-08 1.16191271e-07 1.73683813e-07 1.04471595e-06
 6.29880998e-06 3.19792118e-05 1.14434679e-04 1.37787830e-04
 1.04099666e-04 1.41893622e-04 2.11065371e-07 6.13711186e-07]
error:  5.251772719220713e-05 mesh:  [0.00000000e+00 1.96296296e-08 1.96296296e-07 1.96296296e-06
 1.96296296e-05 1.96296296e-04 1.96296296e-03 1.96296296e-02
 1.96296296e-01 1.42962963e+00 7.54074074e+00 1.75407407e+01
            inf] orders:  [2 3 4 6 6 6 6 6 6 6 6 4] nonZeroAmount:  950 errors:  [2.45339534e-08 1.26144022e-08 1.72694103e-08 1.09935542e-07
 6.49717213e-07 3.18472745e-06 1.05628241e-05 1.11968700e-05
 1.12567301e-05 1.54095076e-05 7.43422505e-09 8.55632099e-08]
error:  6.53136918022104e-06 mesh:  [0.00000000e+00 1.29629630e-08 1.22962963e-07 1.08962963e-06
 1.87562963e-05 1.95422963e-04 1.96208963e-03 1.96287563e-02
 1.96295423e-01 1.42962876e+00 7.54073987e+00 2.42074065e+01
            inf] orders:  [2 3 4 7 7 7 7 7 7 7 7 4] nonZeroAmount:  1250 errors:  [1.40733680e-08 4.45311239e-09 4.40165268e-09 1.23876817e-08
 6.50942817e-08 3.12418782e-07 1.02682136e-06 1.58770949e-06
 1.91118996e-06 1.53124949e-06 2.97183470e-08 3.18516478e-08]
error:  8.852943066440722e-07 mesh:  [0.00000000e+00 9.25925926e-09 1.12592593e-07 1.14592593e-06
 1.88125926e-05 1.95479259e-04 1.96214593e-03 1.96288126e-02
 1.89628813e-01 1.42296215e+00 7.53407326e+00 2.42007399e+01
            inf] orders:  [3 4 5 8 8 8 8 8 8 8 8 5] nonZeroAmount:  1682 errors:  [3.53895556e-09 7.76019418e-10 6.09088834e-10 1.26357371e-09
 5.83467036e-09 2.71745660e-08 8.97064731e-08 2.47099679e-07
 3.52023304e-07 1.47209079e-07 2.06748962e-09 7.99140759e-09]
error:  1.3366260190335437e-07 mesh:  [0.00000000e+00 7.03703704e-09 7.03703704e-08 9.70370370e-07
 1.79703704e-05 1.94637037e-04 1.96130370e-03 1.96279704e-02
 1.89627970e-01 1.42296130e+00 7.53407241e+00 2.42007391e+01
            inf] orders:  [3 4 6 9 9 9 9 9 9 9 9 6] nonZeroAmount:  2138 errors:  [2.23073808e-09 2.77876487e-10 2.02380897e-10 2.30237551e-10
 5.88731736e-10 2.72914860e-09 1.09904546e-08 4.89893780e-08
 5.17481050e-08 1.28198770e-08 1.44322568e-10 2.71135134e-09]
error:  2.790029286460515e-08 mesh:  [0.00000000e+00 7.03703704e-09 9.03703704e-08 9.23703704e-07
 1.72570370e-05 1.93923704e-04 1.96059037e-03 1.96272570e-02
 1.89627257e-01 1.40073837e+00 7.73407170e+00 3.10674050e+01
            inf] orders:  [ 4  5  6 10 10 10 10 10 10 10 10  6] nonZeroAmount:  2622 errors:  [1.10901136e-09 7.02949070e-11 4.68189276e-11 5.55483019e-11
 7.33229834e-11 3.27607500e-10 1.75944262e-09 1.02918298e-08
 1.09130010e-08 1.64923086e-09 3.38009499e-10 1.26617512e-09]
error:  2.9201751081816867e-09 mesh:  [0.00000000e+00 7.03703704e-09 7.03703704e-08 7.70370370e-07
 1.44370370e-05 1.91103704e-04 1.97999259e-03 1.96466593e-02
 1.56313326e-01 1.05631333e+00 7.38964666e+00 3.07229800e+01
            inf] orders:  [ 4  5  7 11 11 11 11 11 11 11 11  7] nonZeroAmount:  3184 errors:  [9.67481044e-10 1.45713596e-11 1.06199669e-11 1.52147993e-11
 2.43882024e-11 4.51827160e-11 2.83164365e-10 3.41570512e-10
 4.60666406e-10 1.62292175e-10 5.64966695e-11 5.38526893e-10]
error:  7.60386599949921e-10 mesh:  [0.00000000e+00 1.11111111e-09 2.44444444e-08 4.57777778e-07
 1.14577778e-05 1.81457778e-04 1.97034667e-03 1.96370133e-02
 1.62970347e-01 1.12963701e+00 8.12963701e+00 3.81296370e+01
            inf] orders:  [ 4  6  8 12 12 12 12 12 12 12 12  8] nonZeroAmount:  3837 errors:  [2.00515290e-10 2.45269465e-11 1.56427097e-11 1.75006923e-11
 1.98555756e-11 1.39287227e-11 6.52265344e-11 1.01223456e-10
 9.30361056e-11 3.77226184e-11 3.99190244e-11 1.31288924e-10]
error:  3.226877309638758e-10 mesh:  [0.00000000e+00 1.11111111e-09 1.77777778e-08 3.17777778e-07
 8.65111111e-06 1.51984444e-04 1.91865111e-03 1.95853178e-02
 1.62918651e-01 1.19625198e+00 9.08514087e+00 4.57518075e+01
            inf] orders:  [ 5  6  8 13 13 13 13 13 13 13 13  8] nonZeroAmount:  4438 errors:  [1.08158831e-10 1.01553787e-11 7.98688526e-12 7.91260575e-12
 1.02724216e-11 1.13044497e-11 1.83342499e-11 2.04574876e-11
 2.58223728e-11 1.14437151e-11 1.52727713e-11 7.55665624e-11]
error:  1.2801710350932408e-10 mesh:  [0.00000000e+00 3.70370370e-10 1.03703704e-08 2.43703704e-07
 8.35481481e-06 1.51688148e-04 1.91835481e-03 1.95850215e-02
 1.69585021e-01 1.26958502e+00 1.02695850e+01 5.36029184e+01
            inf] orders:  [ 5  7  9 14 14 14 14 14 14 14 14  9] nonZeroAmount:  5203 errors:  [4.41881800e-11 9.09574405e-12 7.26987399e-12 9.55985834e-12
 4.16402896e-12 3.06611495e-12 4.27973217e-12 6.66711408e-12
 6.89443641e-12 4.84492406e-12 3.71982854e-12 2.42672679e-11]
error:  6.487326176223731e-11 mesh:  [0.00000000e+00 3.70370370e-10 1.03703704e-08 2.43703704e-07
 8.35481481e-06 1.51688148e-04 1.91835481e-03 1.95850215e-02
 1.69585021e-01 1.33625169e+00 1.10029184e+01 6.10029184e+01
            inf] orders:  [ 6  7 10 15 15 15 15 15 15 15 15 10] nonZeroAmount:  6010 errors:  [3.18362777e-11 3.89904704e-12 2.53017072e-12 4.25372347e-12
 1.37758695e-12 8.29724931e-13 1.00918442e-12 1.39578347e-12
 6.00163328e-12 1.11075710e-12 1.44575263e-12 9.18362001e-12]
error:  5.971520592891184e-11 mesh:  [0.00000000e+00 3.70370370e-10 1.03703704e-08 2.21481481e-07
 6.55481481e-06 1.09888148e-04 1.27655481e-03 1.29432215e-02
 1.29609888e-01 1.09627655e+00 6.76294322e+00 4.34296099e+01
            inf] orders:  [ 6  8 10 16 16 16 16 16 16 16 16 10] nonZeroAmount:  6777 errors:  [2.48059304e-11 1.45323434e-12 1.11699961e-12 6.28592673e-13
 1.72406822e-13 6.37142637e-14 1.47282066e-13 1.27885744e-12
 1.57529888e-12 5.54347095e-13 2.24943084e-12 2.56691115e-11]
error:  4.1284925560119023e-11 mesh:  [0.00000000e+00 3.70370370e-10 1.03703704e-08 2.43703704e-07
 6.57703704e-06 1.09910370e-04 1.27657704e-03 1.29432437e-02
 1.29609910e-01 1.09627658e+00 6.76294324e+00 4.56518321e+01
            inf] orders:  [ 6  8 11 17 17 17 17 17 17 17 17 11] nonZeroAmount:  7665 errors:  [2.45816872e-11 1.11404945e-12 6.80981981e-13 1.42530932e-13
 5.41774758e-14 1.66466904e-14 3.52166571e-14 3.03553899e-13
 2.28385056e-13 1.31593086e-13 8.85878002e-13 1.31102252e-11]
error:  2.5667070255127176e-11 mesh:  [0.00000000e+00 3.70370370e-10 1.03703704e-08 2.43703704e-07
 6.57703704e-06 1.29910370e-04 1.69657704e-03 1.73632437e-02
 1.54029910e-01 1.12069658e+00 6.78736324e+00 4.56762521e+01
            inf] orders:  [ 7  9 12 18 18 18 18 18 18 18 18 12] nonZeroAmount:  8693 errors:  [1.64248819e-11 4.00095929e-13 2.56952352e-13 5.80593043e-14
 9.50861007e-14 2.20300275e-14 1.28422792e-14 1.72732222e-14
 4.21736674e-14 2.00921431e-14 1.52356102e-13 8.16522727e-12]

 error:  0.3758064869046903 mesh:  [0.00000000e+00 1.88888889e-09 1.88888889e-08 1.95555556e-07
 1.96222222e-06 1.96288889e-05 1.96295556e-04 1.96296222e-03
 1.96296289e-02 1.96296296e-01 1.42962963e+00 3.76296296e+00
 7.09629630e+00            inf] orders:  [2 2 2 2 2 2 2 2 2 2 2 2 2] nonZeroAmount:  141 errors:  [1.50351535e-07 1.02399017e-06 8.09970385e-06 5.94527952e-05
 4.13258970e-04 2.64999979e-03 1.49651360e-02 6.72046836e-02
 1.76640081e-01 1.06381333e-01 6.18598652e-03 1.08466877e-03
 2.12613045e-04]
error:  0.07987762280307859 mesh:  [0.00000000e+00 1.88888889e-09 1.95555556e-08 1.89555556e-07
 1.95622222e-06 1.96228889e-05 1.96289556e-04 1.96295622e-03
 1.96296229e-02 1.96296290e-01 1.82962962e+00 8.16296296e+00
 1.14962963e+01            inf] orders:  [2 2 2 3 3 3 3 3 3 3 3 3 2] nonZeroAmount:  272 errors:  [4.88469865e-08 2.66543296e-07 1.47053564e-06 1.05846713e-05
 7.39525363e-05 4.79059880e-04 2.75126179e-03 1.27561201e-02
 3.63417662e-02 2.23943144e-02 5.02164869e-03 3.92594273e-07
 4.67360620e-05]
error:  0.007070119771759478 mesh:  [0.00000000e+00 1.88888889e-09 1.95555556e-08 1.96222222e-07
 1.96288889e-06 1.96295556e-05 1.96296222e-04 1.96296289e-03
 1.96296296e-02 1.96296296e-01 1.62962963e+00 7.96296296e+00
 1.79629630e+01            inf] orders:  [2 2 2 4 4 4 4 4 4 4 4 4 2] nonZeroAmount:  453 errors:  [2.09233812e-08 7.86920205e-08 2.34216100e-07 1.41190356e-06
 9.68670883e-06 6.08812979e-05 3.32303006e-04 1.39138140e-03
 2.93345904e-03 1.45964547e-03 8.64768945e-04 4.45701193e-06
 1.17911569e-05]
error:  0.0005951045191736777 mesh:  [0.00000000e+00 1.88888889e-09 1.95555556e-08 1.96222222e-07
 1.96288889e-06 1.96295556e-05 1.96296222e-04 1.96296289e-03
 1.96296296e-02 1.96296296e-01 1.42962963e+00 7.76296296e+00
 1.77629630e+01            inf] orders:  [2 2 3 5 5 5 5 5 5 5 5 5 3] nonZeroAmount:  716 errors:  [8.38672929e-09 1.33884803e-08 2.38856765e-08 1.57501807e-07
 1.05344137e-06 6.36662562e-06 3.24619175e-05 1.17307552e-04
 1.46961797e-04 1.19892966e-04 1.70096483e-04 1.70239457e-07
 5.90335079e-07]
error:  5.773601264551675e-05 mesh:  [0.00000000e+00 1.88888889e-09 1.95555556e-08 1.96222222e-07
 1.96288889e-06 1.96295556e-05 1.96296222e-04 1.96296289e-03
 1.96296296e-02 1.96296296e-01 1.42962963e+00 7.76296296e+00
 1.77629630e+01            inf] orders:  [2 3 4 6 6 6 6 6 6 6 6 6 4] nonZeroAmount:  1058 errors:  [2.49866610e-09 1.46445643e-09 2.41076423e-09 1.67582198e-08
 1.10614589e-07 6.54921281e-07 3.22101594e-06 1.07682274e-05
 1.16768757e-05 1.18681093e-05 1.93250187e-05 5.78771677e-09
 8.23099400e-08]
error:  7.032509579243928e-06 mesh:  [0.00000000e+00 1.22222222e-09 1.22222222e-08 1.15555556e-07
 1.88222222e-06 1.95488889e-05 1.96215556e-04 1.96288222e-03
 1.96295489e-02 1.96296216e-01 1.42962955e+00 7.76296288e+00
 2.44296295e+01            inf] orders:  [2 3 4 7 7 7 7 7 7 7 7 7 4] nonZeroAmount:  1397 errors:  [1.42310204e-09 5.37692692e-10 4.81291872e-10 1.81203695e-09
 1.11031314e-08 6.47574917e-08 3.14247462e-07 1.03933434e-06
 1.61003473e-06 1.92702923e-06 2.00759504e-06 2.31797415e-08
 3.09742874e-08]
error:  9.364816332081768e-07 mesh:  [0.00000000e+00 1.00000000e-09 1.13333333e-08 1.14666667e-07
 1.88133333e-06 1.95480000e-05 1.96214667e-04 1.96288133e-03
 1.96295480e-02 1.89629548e-01 1.42296288e+00 7.75629621e+00
 2.44229629e+01            inf] orders:  [3 4 5 8 8 8 8 8 8 8 8 8 5] nonZeroAmount:  1874 errors:  [3.60937156e-10 7.56197639e-11 6.87994335e-11 1.81385396e-10
 1.00993935e-09 5.75730689e-09 2.72294458e-08 9.03149204e-08
 2.48167518e-07 3.52130639e-07 2.01849880e-07 1.56393138e-09
 7.77131064e-09]
error:  1.3660560843501686e-07 mesh:  [0.00000000e+00 7.03703704e-10 7.03703704e-09 1.03703704e-07
 1.80370370e-06 1.94703704e-05 1.96137037e-04 1.96280370e-03
 1.96294704e-02 1.89629470e-01 1.42296280e+00 7.75629614e+00
 2.44229628e+01            inf] orders:  [3 4 6 9 9 9 9 9 9 9 9 9 6] nonZeroAmount:  2381 errors:  [2.27002772e-10 3.46144142e-11 2.05155016e-11 2.50263598e-11
 9.76395627e-11 5.47062859e-10 2.70340391e-09 1.09943175e-08
 4.90009237e-08 5.17295646e-08 1.84830523e-08 1.05797974e-10
 2.63668702e-09]
error:  2.8021375875599968e-08 mesh:  [0.00000000e+00 7.03703704e-10 7.70370370e-09 7.77037037e-08
 1.57770370e-06 1.92443704e-05 1.95911037e-04 1.96257770e-03
 1.96292444e-02 1.89629244e-01 1.42296258e+00 7.75629591e+00
 3.10896292e+01            inf] orders:  [ 4  5  6 10 10 10 10 10 10 10 10 10  6] nonZeroAmount:  2922 errors:  [1.02948052e-10 5.53235136e-12 5.62083748e-12 8.03161662e-12
 1.29509578e-11 5.84660802e-11 3.20333292e-10 1.76198924e-09
 1.02953214e-08 1.23353963e-08 1.52345376e-09 3.27908668e-10
 1.26342330e-09]
error:  2.00943150004438e-09 mesh:  [0.00000000e+00 7.03703704e-10 7.03703704e-09 7.70370370e-08
 1.51037037e-06 1.91770370e-05 1.95843704e-04 1.96251037e-03
 1.96291770e-02 1.56295844e-01 1.05629584e+00 7.38962918e+00
 3.07229625e+01            inf] orders:  [ 4  5  7 11 11 11 11 11 11 11 11 11  7] nonZeroAmount:  3547 errors:  [9.68297243e-11 1.50889290e-12 1.20280462e-12 1.92857750e-12
 2.14158376e-12 5.64472717e-12 3.64205223e-11 3.01308834e-10
 3.43969112e-10 4.61108297e-10 1.62342489e-10 5.64981099e-11
 5.38527825e-10]
error:  5.080415903300381e-10 mesh:  [0.00000000e+00 1.11111111e-10 2.44444444e-09 4.57777778e-08
 1.14577778e-06 1.81457778e-05 1.94812444e-04 1.96147911e-03
 1.96281458e-02 1.62961479e-01 1.12962815e+00 8.12962815e+00
 3.81296281e+01            inf] orders:  [ 4  6  8 12 12 12 12 12 12 12 12 12  8] nonZeroAmount:  4269 errors:  [2.00522964e-11 2.45440499e-12 1.56828110e-12 1.75970252e-12
 2.00415115e-12 1.40340074e-12 7.65432008e-12 6.75148529e-11
 1.01608203e-10 9.30846540e-11 3.77288077e-11 3.99194997e-11
 1.31289016e-10]
error:  1.8613539580690145e-10 mesh:  [0.00000000e+00 1.11111111e-10 1.77777778e-09 3.17777778e-08
 8.65111111e-07 1.51984444e-05 1.91865111e-04 1.95853178e-03
 1.96251984e-02 1.62958532e-01 1.19629187e+00 8.86295853e+00
 4.55296252e+01            inf] orders:  [ 5  6  8 13 13 13 13 13 13 13 13 13  8] nonZeroAmount:  4945 errors:  [1.08160208e-11 1.01585716e-12 7.99291872e-13 7.92988673e-13
 1.03063295e-12 1.14121821e-12 1.87768453e-12 1.54753569e-11
 2.00830776e-11 2.57476247e-11 1.00690840e-11 2.05977129e-11
 7.66888456e-11]
error:  5.81546002363661e-11 mesh:  [0.00000000e+00 3.70370370e-11 1.03703704e-09 2.43703704e-08
 8.57703704e-07 1.51910370e-05 1.91857704e-04 1.95852437e-03
 1.96251910e-02 1.69625191e-01 1.26962519e+00 1.02696252e+01
 5.36029585e+01            inf] orders:  [ 5  7  9 14 14 14 14 14 14 14 14 14  9] nonZeroAmount:  5791 errors:  [4.42511836e-12 9.31491260e-13 7.96349850e-13 1.10751668e-12
 3.50040343e-13 3.03975801e-13 4.31657330e-13 3.56124732e-12
 6.53754488e-12 6.87836890e-12 4.84441697e-12 3.71965961e-12
 2.42672129e-11]
error:  2.4584543890721848e-11 mesh:  [0.00000000e+00 3.70370370e-11 1.03703704e-09 2.43703704e-08
 8.57703704e-07 1.51910370e-05 1.91857704e-04 1.95852437e-03
 1.96251910e-02 1.69625191e-01 1.33629186e+00 1.10029585e+01
 6.10029585e+01            inf] orders:  [ 6  7 10 15 15 15 15 15 15 15 15 15 10] nonZeroAmount:  6685 errors:  [3.18690155e-12 3.96100485e-13 2.75229759e-13 4.99403984e-13
 1.14211145e-13 8.20196686e-14 1.01139939e-13 8.29008873e-13
 1.36678682e-12 5.99393864e-12 1.11052183e-12 1.44567944e-12
 9.18360174e-12]
error:  3.5462841862069725e-11 mesh:  [0.00000000e+00 3.70370370e-11 1.03703704e-09 2.43703704e-08
 7.24370370e-07 1.37243704e-05 1.90391037e-04 1.95705770e-03
 1.96237244e-02 1.76290391e-01 1.40962372e+00 7.07629039e+00
 4.37429571e+01            inf] orders:  [ 6  8 10 16 16 16 16 16 16 16 16 16 10] nonZeroAmount:  7545 errors:  [2.50971729e-12 2.10148076e-13 1.80986452e-13 7.16272416e-14
 5.85628091e-14 5.51287734e-14 2.60018378e-14 1.96632422e-13
 4.83527845e-13 5.30895399e-12 5.12444292e-15 1.24034982e-12
 2.51160809e-11]
error:  2.308537268782957e-11 mesh:  [0.00000000e+00 3.70370370e-11 1.03703704e-09 2.43703704e-08
 7.24370370e-07 1.37243704e-05 1.90391037e-04 1.95705770e-03
 1.96237244e-02 1.96290391e-01 1.49629039e+00 7.16295706e+00
 4.38296237e+01            inf] orders:  [ 6  8 11 17 17 17 17 17 17 17 17 17 11] nonZeroAmount:  8532 errors:  [2.45914336e-12 1.12565880e-13 6.85012661e-14 3.00233559e-14
 2.01230039e-14 1.60772971e-14 6.27897483e-15 4.67128409e-14
 4.53632903e-13 4.86643791e-12 3.40711718e-16 1.73859480e-13
 1.48316757e-11]

 error:  2.6887171234548763e-08 mesh:  [0.00000000e+00 3.33333333e-11 5.33333333e-10 5.53333333e-09
 1.15533333e-07 1.81553333e-06 1.88155333e-05 1.88815533e-04
 1.95548220e-03 1.96221489e-02 1.89622149e-01 1.42295548e+00
 7.75628882e+00 3.10896221e+01 6.44229555e+01            inf] orders:  [ 4  5  6 10 10 10 10 10 10 10 10 10 10 10  6] nonZeroAmount:  3522 errors:  [6.28179707e-12 7.22512313e-13 6.19594129e-13 1.40465759e-12
 3.33203139e-12 1.02939069e-11 6.27846694e-11 3.58201078e-10
 1.79414377e-09 1.03195402e-08 1.23390324e-08 1.52347211e-09
 3.28412580e-10 5.08071230e-16 1.38929432e-10]
error:  4.8523780978924405e-09 mesh:  [0.00000000e+00 3.33333333e-11 3.33333333e-10 5.33333333e-09
 1.15333333e-07 1.81533333e-06 1.88153333e-05 1.88815333e-04
 1.95548200e-03 1.96221487e-02 1.82955482e-01 1.41628882e+00
 7.74962215e+00 3.10829555e+01 1.31082955e+02            inf] orders:  [ 4  5  7 11 11 11 11 11 11 11 11 11 11 11  7] nonZeroAmount:  4273 errors:  [4.83150758e-12 4.17814754e-13 3.13721314e-13 3.29302110e-13
 7.27248575e-13 1.08829139e-12 6.91594092e-12 5.24423642e-11
 3.29342499e-10 1.59262207e-09 2.66149177e-09 1.05106215e-10
 3.28971522e-11 5.71393974e-11 6.71279659e-12]
error:  3.2209377986120386e-10 mesh:  [0.00000000e+00 1.11111111e-11 3.11111111e-10 5.31111111e-09
 1.15311111e-07 1.81531111e-06 1.88153111e-05 1.95481978e-04
 1.96214864e-03 1.96288153e-02 1.62962149e-01 1.12962882e+00
 8.12962882e+00 3.14629621e+01 1.31462962e+02            inf] orders:  [ 4  6  8 12 12 12 12 12 12 12 12 12 12 12  8] nonZeroAmount:  5133 errors:  [2.50224992e-12 3.20938304e-13 1.05936615e-13 9.40750864e-14
 1.95519279e-13 1.35435658e-13 1.11578405e-12 7.46853390e-12
 6.73400789e-11 1.01580101e-10 9.30988809e-11 3.77385580e-11
 1.79872947e-12 5.47158672e-12 3.12737206e-12]
error:  2.2484470308996202e-10 mesh:  [0.00000000e+00 1.11111111e-11 1.77777778e-10 3.17777778e-09
 9.31777778e-08 1.59317778e-06 1.85931778e-05 1.95259844e-04
 1.96192651e-03 1.96285932e-02 1.89628593e-01 1.48962859e+00
 7.82296193e+00 3.11562953e+01 1.31156295e+02            inf] orders:  [ 5  6  8 13 13 13 13 13 13 13 13 13 13 13  8] nonZeroAmount:  5959 errors:  [1.08470908e-12 1.08463973e-13 9.53485686e-14 1.18943926e-13
 9.00471379e-14 6.26025643e-14 2.62932416e-13 1.69047951e-12
 1.54345897e-11 1.05977658e-10 9.56715766e-11 1.13441964e-13
 2.90834642e-13 6.93642566e-13 3.14943225e-12]
error:  7.188646034845041e-11 mesh:  [0.00000000e+00 3.70370370e-12 1.03703704e-10 3.10370370e-09
 9.31037037e-08 1.59310370e-06 1.85931037e-05 1.95259770e-04
 1.96192644e-03 1.96285931e-02 1.82961926e-01 1.41629526e+00
 8.41629526e+00 3.84162953e+01 1.38416295e+02            inf] orders:  [ 5  7  9 14 14 14 14 14 14 14 14 14 14 14  9] nonZeroAmount:  6967 errors:  [4.78650701e-13 2.64134699e-13 1.37419002e-13 5.48881234e-14
 2.85853554e-14 1.49541188e-14 5.82451140e-14 3.73036383e-13
 3.51508679e-12 1.58351419e-11 4.92630270e-11 9.13236977e-14
 3.79718451e-13 3.36647609e-15 1.38888261e-12]
error:  1.2380397993025053e-10 mesh:  [0.00000000e+00 3.70370370e-12 1.03703704e-10 3.10370370e-09
 7.31037037e-08 1.37310370e-06 1.83731037e-05 1.88373104e-04
 1.95503977e-03 1.89550398e-02 1.35621706e-01 1.16895504e+00
 1.35022884e+01 7.68356217e+01 3.76835622e+02            inf] orders:  [ 6  7 10 15 15 15 15 15 15 15 15 15 15 15 10] nonZeroAmount:  8035 errors:  [3.35934832e-13 8.75049580e-14 5.53819362e-14 4.44689154e-15
 1.61149598e-14 1.33590820e-14 1.03393833e-14 1.20250645e-13
 5.61716179e-13 1.11569361e-13 6.68251957e-12 1.13469131e-10
 2.19080649e-12 1.06621234e-13 3.82831054e-14]