error:  4.296600067190983 orders:  [2 2 2 2 2 2 2 2 2 2 2 2 2 2 2 2 2 2 2] nonZeroAmount:  213 errors:  [2.25125767e-12 1.72694168e-11 1.49480456e-10 1.27942081e-09 1.08079043e-08 8.98913417e-08 7.33789772e-07 5.85419494e-06 4.53802585e-05 3.38939043e-04 2.40828870e-03 1.59472064e-02 9.48686268e-02 4.70185575e-01 1.59218317e+00 1.54410384e+00 5.10349201e-01 6.61631549e-02 6.40703253e-11]
error:  0.911014376322619 orders:  [3 3 3 3 3 3 3 3 3 3 3 3 3 3 3 3 3 3 3] nonZeroAmount:  484 errors:  [4.04197365e-13 3.06336737e-12 2.65738263e-11 2.28025149e-10 1.93197395e-09 1.61255001e-08 1.32197966e-07 1.06026291e-06 8.27399765e-06 6.23390215e-05 4.48234263e-04 3.01931909e-03 1.84483153e-02 9.58879956e-02 3.61465387e-01 3.14227489e-01 1.03020623e-01 1.44251888e-02 3.05180795e-12]
error:  0.1641562706469455 orders:  [4 4 4 4 4 4 4 4 4 4 4 4 4 4 4 4 4 4 4] nonZeroAmount:  865 errors:  [6.26931992e-14 4.59842387e-13 3.99504457e-12 3.43409045e-11 2.91556150e-10 2.43945774e-09 2.00577916e-08 1.61452577e-07 1.26569756e-06 9.59294541e-06 6.95316703e-05 4.73764049e-04 2.94636579e-03 1.57934294e-02 6.36570009e-02 5.79382224e-02 1.98586446e-02 3.40826889e-03 4.27862707e-13]
error:  0.026650311400984183 orders:  [5 5 5 5 5 5 5 5 5 5 5 5 5 5 5 5 5 5 5] nonZeroAmount:  1356 errors:  [8.96371243e-15 5.87255964e-14 5.10629974e-13 4.39359904e-12 3.73445750e-11 3.12887510e-10 2.57685185e-09 2.07838775e-08 1.63348282e-07 1.24213703e-06 9.04350399e-06 6.20122915e-05 3.89454583e-04 2.12345401e-03 8.87955784e-03 9.82911509e-03 4.36045081e-03 9.95794060e-04 1.07382723e-13]
error:  0.004278436047930372 orders:  [6 6 6 6 6 6 6 6 6 6 6 6 6 6 6 6 6 6 6] nonZeroAmount:  1957 errors:  [1.56172876e-15 6.63155610e-15 5.76780546e-14 4.96432701e-13 4.22112087e-12 3.53818698e-11 2.91552543e-10 2.35313619e-09 1.85101923e-08 1.40917454e-07 1.02760208e-06 7.06301923e-06 4.45274086e-05 2.44518552e-04 1.04035191e-03 1.55114844e-03 1.08548909e-03 3.04147911e-04 3.64543242e-14]
error:  0.000734597508875509 orders:  [7 7 7 7 7 7 7 7 7 7 7 7 7 7 7 7 7 7 7] nonZeroAmount:  2668 errors:  [5.33792295e-16 6.86056993e-16 5.96576089e-15 5.13351862e-14 4.36384393e-13 3.65673626e-12 3.01219585e-11 2.43022235e-10 1.91081576e-09 1.45397629e-08 1.05970384e-07 7.27998449e-07 4.58860107e-06 2.52288806e-05 1.08284522e-04 2.29566602e-04 2.78495376e-04 8.75828300e-05 1.49916839e-14]
error:  0.0001397520337781194 orders:  [7 7 8 8 8 8 8 8 8 8 8 8 8 8 8 8 8 8 8] nonZeroAmount:  3413 errors:  [4.32751845e-16 6.60972936e-17 5.79763322e-16 4.98567476e-15 4.23511054e-14 3.54593943e-13 2.91816273e-12 2.35178004e-11 1.84679203e-10 1.40319800e-09 1.02099779e-08 7.00191619e-08 4.40779573e-07 2.42761657e-06 1.06138137e-05 3.19690366e-05 7.04599120e-05 2.37590314e-05 7.04576463e-15]
error:  2.9245673644441887e-05 orders:  [7 7 8 9 9 9 9 9 9 9 9 9 9 9 9 9 9 9 9] nonZeroAmount:  4207 errors:  [4.16889205e-16 8.36399745e-18 5.38743098e-17 4.62832895e-16 3.92808681e-15 3.28568263e-14 2.70111410e-13 2.17438523e-12 1.70549109e-11 1.29443253e-10 9.41211398e-10 6.45824298e-09 4.08273076e-08 2.28557660e-07 1.06678463e-06 4.14431014e-06 1.75411972e-05 6.21644829e-06 3.65417635e-15]
error:  6.568393707463828e-06 orders:  [ 7  7  8  9 10 10 10 10 10 10 10 10 10 10 10 10 10 10 10] nonZeroAmount:  5038 errors:  [4.13523669e-16 2.26421101e-18 7.51145624e-18 4.31061146e-17 3.53478306e-16 2.95600561e-15 2.43007200e-14 1.95699441e-13 1.53676762e-12 1.16938030e-11 8.54849672e-11 5.93165604e-10 3.84328132e-09 2.28337841e-08 1.25197041e-07 4.81540154e-07 4.33414941e-06 1.60013793e-06 2.04434068e-15]
error:  1.5489911485598257e-06 orders:  [ 7  7  8  9 10 11 11 11 11 11 11 11 11 11 11 11 11 11 11] nonZeroAmount:  5894 errors:  [4.12682153e-16 1.38417310e-18 2.76071987e-18 7.74686801e-18 3.59305749e-17 2.63551907e-16 2.17522025e-15 1.76211091e-14 1.39614570e-13 1.07731912e-12 8.05665514e-12 5.81129735e-11 4.03759102e-10 2.73536194e-09 1.90462051e-08 4.63013733e-08 1.07044784e-06 4.09989204e-07 1.21455561e-15]
error:  3.7830439203628005e-07 orders:  [ 7  7  8  9 10 11 12 12 12 12 12 12 12 12 12 12 12 12 12] nonZeroAmount:  6763 errors:  [4.12461977e-16 1.20687320e-18 2.07931141e-18 4.20733461e-18 1.02511214e-17 3.53383887e-17 2.02827546e-16 1.67573530e-15 1.36453674e-14 1.09449904e-13 8.65809747e-13 6.78389559e-12 5.32248318e-11 4.27375704e-10 3.63775395e-09 3.73919133e-09 2.65269747e-07 1.05169323e-07 7.57695820e-16]
error:  9.492382630329035e-08 orders:  [ 7  7  8  9 10 11 12 13 13 13 13 13 13 13 13 13 13 13 12] nonZeroAmount:  7584 errors:  [4.12404574e-16 1.16453392e-18 1.94256522e-18 3.69969408e-18 7.72586144e-18 1.75907910e-17 4.72779496e-17 1.85272999e-16 1.59366651e-15 1.37005472e-14 1.18196613e-13 1.02938509e-12 9.12289039e-12 8.30747241e-11 7.84832753e-10 9.34857706e-10 6.60440626e-08 2.70667114e-08 7.57696351e-16]
error:  2.435256148950189e-08 orders:  [ 7  7  8  9 10 11 12 13 14 14 14 14 14 14 14 14 14 14 12] nonZeroAmount:  8388 errors:  [4.12389940e-16 1.15403224e-18 1.91054666e-18 3.59844162e-18 7.36294831e-18 1.58727036e-17 3.56788512e-17 8.54636524e-17 2.42038995e-16 2.23825876e-15 2.08629474e-14 1.96438363e-13 1.87303583e-12 1.81215188e-11 1.78151187e-10 6.41182190e-10 1.65207120e-08 6.99230048e-09 7.57696044e-16]
error:  6.365340841290522e-09 orders:  [ 7  7  8  9 10 11 12 13 14 15 15 15 15 15 15 15 15 15 12] nonZeroAmount:  9163 errors:  [4.12386282e-16 1.15145993e-18 1.90282521e-18 3.57522842e-18 7.29101531e-18 1.56239285e-17 3.45661345e-17 7.83423973e-17 1.82320084e-16 4.47891447e-16 4.36003330e-15 4.26554154e-14 4.19550559e-13 4.15211756e-12 4.13408646e-11 3.56519120e-10 4.15018001e-09 1.81268022e-09 7.57696220e-16]
error:  1.6902277923248763e-09 orders:  [ 7  7  8  9 10 11 12 13 14 15 16 16 16 16 16 16 16 16 12] nonZeroAmount:  9897 errors:  [4.12385372e-16 1.15085802e-18 1.90102839e-18 3.56989947e-18 7.27517706e-18 1.55758808e-17 3.44060886e-17 7.76741195e-17 1.78333456e-16 4.15687662e-16 9.87352838e-16 9.80133201e-15 9.75173627e-14 9.72252775e-13 9.71401766e-12 1.61656444e-10 1.04641025e-09 4.71364613e-10 7.57696120e-16]
error:  4.5475682465490315e-10 orders:  [ 7  7  8  9 10 11 12 13 14 15 16 17 17 17 17 17 17 17 12] nonZeroAmount:  10578 errors:  [4.12385112e-16 1.15072627e-18 1.90063953e-18 3.56874548e-18 7.27178179e-18 1.55658259e-17 3.43760018e-17 7.75785212e-17 1.77966149e-16 4.13680090e-16 9.72456340e-16 2.31025394e-15 2.30623196e-14 2.30423753e-13 2.30413837e-12 6.46389556e-11 2.64663954e-10 1.22891105e-10 7.57696176e-16]
error:  1.2368003486422387e-10 orders:  [ 7  7  8  9 10 11 12 13 14 15 16 18 18 18 18 18 18 18 12] nonZeroAmount:  11297 errors:  [4.12384960e-16 1.15067484e-18 1.90049322e-18 3.56832251e-18 7.27058627e-18 1.55624556e-17 3.43667627e-17 7.75512138e-17 1.77890148e-16 4.13434148e-16 9.71435359e-16 5.51106643e-16 5.50952383e-15 5.50855548e-14 5.50891936e-13 2.38343818e-11 6.71197656e-11 3.21109751e-11 7.57696147e-16]
error:  3.3931745927313493e-11 orders:  [ 7  7  8  9 10 11 12 13 14 15 16 18 19 19 19 19 19 19 12] nonZeroAmount:  11947 errors:  [4.12384885e-16 1.15068007e-18 1.90051251e-18 3.56836461e-18 7.27071926e-18 1.55626294e-17 3.43672471e-17 7.75524962e-17 1.77887226e-16 4.13422825e-16 9.71394278e-16 5.50865338e-16 1.32641314e-15 1.32637375e-14 1.32649133e-13 8.31369620e-12 1.70609380e-11 8.40644744e-12 7.57696162e-16]
error:  9.374552953784145e-12 orders:  [ 7  7  8  9 10 11 12 13 14 15 16 18 20 20 20 20 20 20 12] nonZeroAmount:  12629 errors:  [4.12384790e-16 1.15067619e-18 1.90050481e-18 3.56834171e-18 7.27064709e-18 1.55624418e-17 3.43667704e-17 7.75509674e-17 1.77886411e-16 4.13414916e-16 9.71398913e-16 5.50856905e-16 3.21389453e-16 3.21395561e-15 3.21380069e-14 2.78577111e-12 4.34531420e-12 2.20436929e-12 7.57696153e-16]
error:  2.605601122381619e-12 orders:  [ 7  7  8  9 10 11 12 13 14 15 16 18 20 21 21 21 21 21 12] nonZeroAmount:  13224 errors:  [4.12384691e-16 1.15067096e-18 1.90049516e-18 3.56831458e-18 7.27058278e-18 1.55621930e-17 3.43661429e-17 7.75489530e-17 1.77880263e-16 4.13408002e-16 9.71398563e-16 5.50860491e-16 3.21435826e-16 7.83579840e-16 7.83461338e-15 9.05690095e-13 1.10865554e-12 5.78890867e-13 7.57696158e-16]
error:  7.295700234118851e-13 orders:  [ 7  7  8  9 10 11 12 13 14 15 16 18 20 21 22 22 22 22 12] nonZeroAmount:  13718 errors:  [4.12384588e-16 1.15066669e-18 1.90048489e-18 3.56828639e-18 7.27053453e-18 1.55620069e-17 3.43659126e-17 7.75483757e-17 1.77879519e-16 4.13408145e-16 9.71399134e-16 5.50859181e-16 3.21391960e-16 7.83126237e-16 1.91775085e-15 2.87624153e-13 2.83293144e-13 1.52205464e-13 7.57696155e-16]
error:  2.0721959088621973e-13 orders:  [ 7  7  8  9 10 11 12 13 14 15 16 18 20 21 23 23 23 23 12] nonZeroAmount:  14232 errors:  [4.12384483e-16 1.15066461e-18 1.90048443e-18 3.56828299e-18 7.27054181e-18 1.55621031e-17 3.43660035e-17 7.75491709e-17 1.77883040e-16 4.13405913e-16 9.71397055e-16 5.50864231e-16 3.21413212e-16 7.83259022e-16 4.72968212e-16 8.96541644e-14 7.24905674e-14 4.00722205e-14 7.57696157e-16]
error:  6.165193711718071e-14 orders:  [ 7  7  8  9 10 11 12 13 14 15 16 18 20 21 23 24 24 24 12] nonZeroAmount:  14629 errors:  [4.12384369e-16 1.15065877e-18 1.90047413e-18 3.56825892e-18 7.27046967e-18 1.55619033e-17 3.43653359e-17 7.75464318e-17 1.77876363e-16 4.13402293e-16 9.71403114e-16 5.50867743e-16 3.21431978e-16 7.83361906e-16 4.72432112e-16 2.75221808e-14 1.85705355e-14 1.05570013e-14 7.57696156e-16]
error:  2.0894283302320256e-14 orders:  [ 7  7  8  9 10 11 12 13 14 15 16 18 20 21 23 25 25 25 12] nonZeroAmount:  15040 errors:  [4.12384264e-16 1.15066357e-18 1.90049423e-18 3.56831945e-18 7.27066138e-18 1.55623711e-17 3.43666796e-17 7.75503085e-17 1.77884954e-16 4.13411986e-16 9.71393680e-16 5.50863951e-16 3.21440168e-16 7.83124586e-16 4.72014166e-16 8.34344351e-15 4.76270394e-15 2.78655244e-15 7.57696157e-16]
error:  9.464674555314374e-15 orders:  [ 7  7  8  9 10 11 12 13 14 15 16 18 20 21 23 26 26 26 12] nonZeroAmount:  15465 errors:  [4.12384145e-16 1.15065998e-18 1.90048970e-18 3.56829904e-18 7.27059498e-18 1.55622220e-17 3.43661543e-17 7.75493362e-17 1.77883885e-16 4.13413390e-16 9.71397637e-16 5.50863340e-16 3.21403191e-16 7.83122414e-16 4.72004787e-16 2.50284323e-15 1.22288764e-15 7.37406988e-16 7.57696158e-16]
error:  6.796183546496834e-15 orders:  [ 7  7  8  9 10 11 12 13 14 15 16 18 20 21 23 27 27 26 12] nonZeroAmount:  15775 errors:  [4.12384145e-16 1.15066054e-18 1.90049141e-18 3.56830408e-18 7.27060975e-18 1.55622650e-17 3.43662783e-17 7.75496879e-17 1.77884839e-16 4.13415601e-16 9.71398597e-16 5.50872559e-16 3.21451963e-16 7.83206221e-16 4.72666603e-16 7.44903164e-16 3.14200004e-16 7.34735397e-16 7.57696156e-16]
error:  6.796186191369078e-15 orders:  [ 7  7  8  9 10 11 12 13 14 15 16 18 20 21 23 27 27 26 12] nonZeroAmount:  15775 errors:  [4.12384145e-16 1.15066032e-18 1.90049139e-18 3.56830408e-18 7.27060976e-18 1.55622650e-17 3.43662784e-17 7.75496882e-17 1.77884840e-16 4.13415602e-16 9.71398597e-16 5.50872563e-16 3.21451957e-16 7.83206213e-16 4.72667245e-16 7.44904905e-16 3.14200320e-16 7.34735352e-16 7.57696156e-16]
error:  6.796185324643118e-15 orders:  [ 7  7  8  9 10 11 12 13 14 15 16 18 20 21 23 27 27 26 12] nonZeroAmount:  15775 errors:  [4.12384146e-16 1.15066055e-18 1.90049141e-18 3.56830409e-18 7.27060979e-18 1.55622651e-17 3.43662786e-17 7.75496889e-17 1.77884842e-16 4.13415605e-16 9.71398596e-16 5.50872570e-16 3.21451978e-16 7.83206257e-16 4.72667052e-16 7.44904223e-16 3.14200211e-16 7.34735391e-16 7.57696156e-16]
error:  6.7961833558742166e-15 orders:  [ 7  7  8  9 10 11 12 13 14 15 16 18 20 21 23 27 27 26 12] nonZeroAmount:  15775 errors:  [4.12384144e-16 1.15066030e-18 1.90049139e-18 3.56830408e-18 7.27060975e-18 1.55622650e-17 3.43662782e-17 7.75496879e-17 1.77884839e-16 4.13415600e-16 9.71398600e-16 5.50872562e-16 3.21451948e-16 7.83206164e-16 4.72666578e-16 7.44903099e-16 3.14199987e-16 7.34735382e-16 7.57696156e-16]
error:  6.796185490867704e-15 orders:  [ 7  7  8  9 10 11 12 13 14 15 16 18 20 21 23 27 27 26 12] nonZeroAmount:  15775 errors:  [4.12384145e-16 1.15066052e-18 1.90049140e-18 3.56830408e-18 7.27060975e-18 1.55622650e-17 3.43662783e-17 7.75496880e-17 1.77884840e-16 4.13415600e-16 9.71398599e-16 5.50872566e-16 3.21451951e-16 7.83206167e-16 4.72666958e-16 7.44904547e-16 3.14200271e-16 7.34735393e-16 7.57696156e-16]
error:  6.7961829571092975e-15 orders:  [ 7  7  8  9 10 11 12 13 14 15 16 18 20 21 23 27 27 26 12] nonZeroAmount:  15775 errors:  [4.12384145e-16 1.15066053e-18 1.90049141e-18 3.56830408e-18 7.27060976e-18 1.55622650e-17 3.43662784e-17 7.75496883e-17 1.77884841e-16 4.13415602e-16 9.71398596e-16 5.50872563e-16 3.21451970e-16 7.83206247e-16 4.72666564e-16 7.44902715e-16 3.14199908e-16 7.34735353e-16 7.57696156e-16]
error:  6.7961850673655736e-15 orders:  [ 7  7  8  9 10 11 12 13 14 15 16 18 20 21 23 27 27 26 12] nonZeroAmount:  15775 errors:  [4.12384145e-16 1.15066031e-18 1.90049139e-18 3.56830408e-18 7.27060976e-18 1.55622650e-17 3.43662783e-17 7.75496882e-17 1.77884840e-16 4.13415600e-16 9.71398597e-16 5.50872555e-16 3.21451941e-16 7.83206161e-16 4.72666886e-16 7.44904272e-16 3.14200239e-16 7.34735380e-16 7.57696156e-16]
error:  6.796183530709075e-15 orders:  [ 7  7  8  9 10 11 12 13 14 15 16 18 20 21 23 27 27 26 12] nonZeroAmount:  15775 errors:  [4.12384145e-16 1.15066053e-18 1.90049141e-18 3.56830408e-18 7.27060975e-18 1.55622650e-17 3.43662782e-17 7.75496878e-17 1.77884839e-16 4.13415599e-16 9.71398597e-16 5.50872550e-16 3.21451901e-16 7.83205992e-16 4.72666273e-16 7.44903654e-16 3.14200152e-16 7.34735376e-16 7.57696156e-16]

error:  4.296600067190983 orders:  [2 2 2 2 2 2 2 2 2 2 2 2 2 2 2 2 2 2 2] nonZeroAmount:  213 errors:  [2.25125767e-12 1.72694168e-11 1.49480456e-10 1.27942081e-09 1.08079043e-08 8.98913417e-08 7.33789772e-07 5.85419494e-06 4.53802585e-05 3.38939043e-04 2.40828870e-03 1.59472064e-02 9.48686268e-02 4.70185575e-01 1.59218317e+00 1.54410384e+00 5.10349201e-01 6.61631549e-02 6.40703253e-11]
error:  0.911014376322619 orders:  [3 3 3 3 3 3 3 3 3 3 3 3 3 3 3 3 3 3 3] nonZeroAmount:  484 errors:  [4.04197365e-13 3.06336737e-12 2.65738263e-11 2.28025149e-10 1.93197395e-09 1.61255001e-08 1.32197966e-07 1.06026291e-06 8.27399765e-06 6.23390215e-05 4.48234263e-04 3.01931909e-03 1.84483153e-02 9.58879956e-02 3.61465387e-01 3.14227489e-01 1.03020623e-01 1.44251888e-02 3.05180795e-12]
error:  0.1641562706356935 orders:  [4 4 4 4 4 4 4 4 4 4 4 4 4 4 4 4 4 4 4] nonZeroAmount:  865 errors:  [6.26931992e-14 4.59842387e-13 3.99504457e-12 3.43409045e-11 2.91556150e-10 2.43945774e-09 2.00577916e-08 1.61452577e-07 1.26569756e-06 9.59294541e-06 6.95316702e-05 4.73764049e-04 2.94636579e-03 1.57934293e-02 6.36570009e-02 5.79382224e-02 1.98586446e-02 3.40826889e-03 4.27862707e-13]
error:  0.026650311398907764 orders:  [5 5 5 5 5 5 5 5 5 5 5 5 5 5 5 5 5 5 5] nonZeroAmount:  1356 errors:  [8.96371242e-15 5.87255963e-14 5.10629973e-13 4.39359903e-12 3.73445749e-11 3.12887509e-10 2.57685184e-09 2.07838775e-08 1.63348281e-07 1.24213703e-06 9.04350397e-06 6.20122913e-05 3.89454582e-04 2.12345401e-03 8.87955784e-03 9.82911509e-03 4.36045081e-03 9.95794060e-04 1.07382723e-13]
error:  0.004278436021404224 orders:  [6 6 6 6 6 6 6 6 6 6 6 6 6 6 6 6 6 6 6] nonZeroAmount:  1957 errors:  [1.56172874e-15 6.63155585e-15 5.76780527e-14 4.96432687e-13 4.22112075e-12 3.53818687e-11 2.91552533e-10 2.35313606e-09 1.85101910e-08 1.40917442e-07 1.02760202e-06 7.06301910e-06 4.45274084e-05 2.44518551e-04 1.04035191e-03 1.55114842e-03 1.08548908e-03 3.04147925e-04 3.64543242e-14]
error:  0.0007345975088748201 orders:  [7 7 7 7 7 7 7 7 7 7 7 7 7 7 7 7 7 7 7] nonZeroAmount:  2668 errors:  [5.33792290e-16 6.86056987e-16 5.96576089e-15 5.13351862e-14 4.36384393e-13 3.65673626e-12 3.01219585e-11 2.43022235e-10 1.91081576e-09 1.45397629e-08 1.05970384e-07 7.27998449e-07 4.58860107e-06 2.52288806e-05 1.08284522e-04 2.29566602e-04 2.78495376e-04 8.75828300e-05 1.49916839e-14]
error:  0.00013975203579555344 orders:  [8 8 8 8 8 8 8 8 8 8 8 8 8 8 8 8 8 8 8] nonZeroAmount:  3489 errors:  [3.30120677e-16 6.67098920e-17 5.79763604e-16 4.98567608e-15 4.23511080e-14 3.54593953e-13 2.91816282e-12 2.35178031e-11 1.84679231e-10 1.40319809e-09 1.02099784e-08 7.00191652e-08 4.40779606e-07 2.42761680e-06 1.06138149e-05 3.19690373e-05 7.04599120e-05 2.37590314e-05 7.04576463e-15]
error:  2.924567323560137e-05 orders:  [9 9 9 9 9 9 9 9 9 9 9 9 9 9 9 9 9 9 9] nonZeroAmount:  4420 errors:  [2.49897810e-16 6.20231503e-18 5.38640451e-17 4.62833386e-16 3.92809467e-15 3.28569022e-14 2.70112188e-13 2.17438888e-12 1.70549220e-11 1.29443289e-10 9.41211123e-10 6.45824036e-09 4.08272878e-08 2.28557644e-07 1.06678456e-06 4.14430974e-06 1.75411969e-05 6.21644869e-06 3.65417635e-15]
error:  6.568394107403187e-06 orders:  [10 10 10 10 10 10 10 10 10 10 10 10 10 10 10 10 10 10 10] nonZeroAmount:  5461 errors:  [2.00602835e-16 5.58810169e-19 4.85080953e-18 4.16635954e-17 3.53475635e-16 2.95599368e-15 2.43007359e-14 1.95699785e-13 1.53677040e-12 1.16938266e-11 8.54850359e-11 5.93165946e-10 3.84328771e-09 2.28338349e-08 1.25197249e-07 4.81540315e-07 4.33414928e-06 1.60013803e-06 2.04434068e-15]
error:  1.5489911096470042e-06 orders:  [11 11 11 11 11 11 11 11 11 11 11 11 11 11 11 11 11 11 11] nonZeroAmount:  6612 errors:  [1.65425133e-16 4.94800386e-20 4.29903997e-19 3.69734526e-18 3.14284693e-17 2.63546431e-16 2.17523424e-15 1.76213217e-14 1.39616470e-13 1.07733281e-12 8.05667632e-12 5.81130956e-11 4.03760197e-10 2.73536503e-09 1.90461938e-08 4.63013093e-08 1.07044785e-06 4.09989221e-07 1.21455561e-15]
error:  3.7830439173218167e-07 orders:  [12 12 12 12 12 12 12 12 12 12 12 12 12 12 12 12 12 12 12] nonZeroAmount:  7873 errors:  [1.38921176e-16 4.40919175e-21 3.85051849e-20 3.33301208e-19 2.85704232e-18 2.42210584e-17 2.02833218e-16 1.67575325e-15 1.36453786e-14 1.09449910e-13 8.65809754e-13 6.78389557e-12 5.32248318e-11 4.27375704e-10 3.63775395e-09 3.73919132e-09 2.65269747e-07 1.05169323e-07 7.57695820e-16]
error:  9.492386265765388e-08 orders:  [13 13 13 13 13 13 13 13 13 13 13 13 13 13 13 13 13 13 13] nonZeroAmount:  9244 errors:  [1.18351038e-16 4.15889370e-22 3.68485313e-21 3.24711085e-20 2.84549982e-19 2.47874847e-18 2.14833415e-17 1.85345194e-16 1.59422770e-15 1.37040695e-14 1.18214822e-13 1.02943610e-12 9.12266905e-12 8.30746324e-11 7.84830887e-10 9.34828120e-10 6.60441116e-08 2.70667310e-08 4.92214748e-16]
error:  2.4352577126065575e-08 orders:  [14 14 14 14 14 14 14 14 14 14 14 14 14 14 14 14 14 14 14] nonZeroAmount:  10725 errors:  [1.02042726e-16 4.52918494e-23 4.13801246e-22 3.77953558e-21 3.44898559e-20 3.14777172e-19 2.87509590e-18 2.63179720e-17 2.41912028e-16 2.23741231e-15 2.08563542e-14 1.96423326e-13 1.87324056e-12 1.81225636e-11 1.78151992e-10 6.41184421e-10 1.65207249e-08 6.99229983e-09 3.30844751e-16]
error:  6.365350103836028e-09 orders:  [15 15 15 15 15 15 15 15 15 15 15 15 15 15 15 15 15 15 15] nonZeroAmount:  12316 errors:  [8.88893486e-17 6.33180886e-24 6.01068909e-23 5.72016427e-22 5.45435604e-21 5.21058928e-20 4.99031721e-19 4.79647551e-18 4.62695861e-17 4.48227268e-16 4.36137731e-15 4.26648475e-14 4.19655047e-13 4.15252134e-12 4.13407767e-11 3.56522337e-10 4.15018566e-09 1.81268131e-09 2.28949079e-16]
error:  1.690229086613186e-09 orders:  [16 16 16 16 16 16 16 16 16 16 16 16 16 16 16 16 16 16 16] nonZeroAmount:  14017 errors:  [7.81251035e-17 1.14521596e-24 1.11995193e-23 1.09766890e-22 1.07702167e-21 1.05758835e-20 1.03869796e-19 1.02208984e-18 1.00925052e-17 9.97912893e-17 9.88171609e-16 9.80703382e-15 9.75467096e-14 9.72300589e-13 9.71400129e-12 1.61658135e-10 1.04641137e-09 4.71364591e-10 1.62470933e-16]
error:  4.547541980652585e-10 orders:  [17 17 17 17 17 17 17 17 17 17 17 17 17 17 17 17 17 17 17] nonZeroAmount:  15828 errors:  [6.92041675e-17 2.41816858e-25 2.40902344e-24 2.39280857e-23 2.38389047e-22 2.36795762e-21 2.35503511e-20 2.34438498e-19 2.33564936e-18 2.32706167e-17 2.31712373e-16 2.30973466e-15 2.30608045e-14 2.30414910e-13 2.30421367e-12 6.46379950e-11 2.64664613e-10 1.22891147e-10 1.17853106e-16]
error:  1.2367767518077447e-10 orders:  [18 18 18 18 18 18 18 18 18 18 18 18 18 18 18 18 18 18 18] nonZeroAmount:  17749 errors:  [6.17283899e-17 5.54537932e-26 5.54492953e-25 5.54275712e-24 5.54827764e-23 5.57440642e-22 5.55589272e-21 5.53036897e-20 5.52505032e-19 5.52787185e-18 5.51686367e-17 5.51465045e-16 5.51088813e-15 5.50851073e-14 5.50892769e-13 2.38344392e-11 6.71199237e-11 3.21110619e-11 8.71548933e-17]
error:  3.3928660850974684e-11 orders:  [19 19 19 19 19 19 19 19 19 19 19 19 19 19 19 19 19 19 19] nonZeroAmount:  19780 errors:  [5.54016541e-17 1.33673243e-26 1.33590042e-25 1.32770721e-24 1.32706437e-23 1.32693454e-22 1.32650712e-21 1.32665060e-20 1.32660053e-19 1.32842886e-18 1.32933501e-17 1.32861415e-16 1.32674811e-15 1.32637038e-14 1.32643027e-13 8.31375692e-12 1.70609755e-11 8.40642631e-12 6.55659850e-17]
error:  9.371332643164478e-12 orders:  [20 20 20 20 20 20 20 20 20 20 20 20 20 20 20 20 20 20 20] nonZeroAmount:  21921 errors:  [4.99999976e-17 3.51756891e-27 3.58416590e-26 3.41842729e-25 3.35253200e-24 3.40727442e-23 3.47900192e-22 3.48107203e-21 3.45843952e-20 3.34060103e-19 3.26909941e-18 3.24552903e-17 3.22990911e-16 3.21598141e-15 3.21408877e-14 2.78580130e-12 4.34532887e-12 2.20438643e-12 5.00846449e-17]
error:  2.6020217105593103e-12 orders:  [21 21 21 21 21 21 21 21 21 21 21 21 21 21 21 21 21 21 21] nonZeroAmount:  24172 errors:  [4.53514676e-17 8.86898770e-28 7.98651347e-27 7.83517286e-26 7.83341264e-25 8.78299415e-24 1.08713125e-22 1.05886185e-21 9.11262857e-21 8.11050614e-20 7.93201424e-19 8.00272537e-18 7.90757107e-17 7.83895093e-16 7.83131885e-15 9.05695092e-13 1.10865665e-12 5.78882655e-13 3.87877211e-17]
error:  7.253561014986114e-13 orders:  [22 22 22 22 22 22 22 22 22 22 22 22 22 22 22 22 22 22 22] nonZeroAmount:  26533 errors:  [4.13223079e-17 7.06540797e-28 5.51456568e-27 5.13468358e-26 4.80669672e-25 5.51794972e-24 6.15543126e-23 4.64843409e-22 5.10533925e-21 4.45322126e-20 3.18476291e-19 2.07867492e-18 1.93054902e-17 1.91867291e-16 1.92224453e-15 2.87638301e-13 2.83297610e-13 1.52212590e-13 3.04137574e-17]
error:  2.0285150587757299e-13 orders:  [23 23 23 23 23 23 23 23 23 23 23 23 23 23 23 23 23 23 23] nonZeroAmount:  29004 errors:  [3.78071878e-17 1.25045598e-27 3.84258190e-27 1.94701735e-26 8.17845927e-26 8.43561633e-25 5.08211541e-24 1.50412066e-22 1.68095692e-21 1.13312382e-20 6.63119143e-20 5.58922420e-19 4.78638658e-18 4.71869825e-17 4.75324331e-16 8.96602772e-14 7.25015304e-14 4.00998373e-14 2.41176401e-17]
error:  5.684929212003513e-14 orders:  [24 24 24 24 24 24 24 24 24 24 24 24 24 24 24 24 24 24 24] nonZeroAmount:  31585 errors:  [3.47222205e-17 1.71494336e-28 9.27120995e-28 2.24077745e-26 1.55999834e-25 1.59060135e-24 1.50529585e-23 1.08186566e-22 6.08257213e-22 4.29796008e-21 1.90427042e-20 1.98928874e-19 2.59548155e-18 1.33246094e-17 1.18292690e-16 2.75233271e-14 1.85715146e-14 1.05659703e-14 1.93221603e-17]
error:  1.6015645029531846e-14 orders:  [25 25 25 25 25 25 25 25 25 25 25 25 25 25 25 25 25 25 25] nonZeroAmount:  34276 errors:  [3.19999972e-17 3.20354824e-28 4.86021893e-27 5.36620671e-26 8.69912035e-25 3.32694976e-24 2.41956699e-23 3.82563458e-22 3.05631440e-21 1.01572748e-20 8.33223312e-21 1.14163240e-19 3.64801755e-19 2.95211119e-18 3.04796527e-17 8.34661873e-15 4.76444969e-15 2.82301758e-15 1.56263443e-17]
error:  4.5771312423512915e-15 orders:  [26 26 26 26 26 26 26 26 26 26 26 26 26 26 26 26 26 26 26] nonZeroAmount:  37077 errors:  [2.95858013e-17 1.83506847e-27 1.15275871e-26 9.79144758e-26 1.20064170e-24 1.23846828e-23 5.68433333e-23 1.10260141e-22 5.44954566e-23 1.38973263e-22 2.23683088e-20 5.77847468e-20 8.65288443e-19 1.01189478e-17 3.36774012e-17 2.52660977e-15 1.22813932e-15 7.35307259e-16 1.27469345e-17]
error:  1.3684486222803056e-15 orders:  [27 27 27 27 27 27 27 27 27 27 27 27 27 27 27 27 27 27 27] nonZeroAmount:  39988 errors:  [2.74348393e-17 6.28800443e-29 7.04526907e-29 1.54143893e-28 1.19366922e-26 3.66295978e-26 1.03243072e-23 1.09847712e-22 1.35869989e-21 1.81303674e-20 1.37488995e-19 2.79269161e-19 9.87600795e-19 3.41884260e-18 2.42761059e-17 7.58737365e-16 3.19075520e-16 2.23600756e-16 1.04812257e-17]
error:  3.9682684380278146e-16 orders:  [28 28 28 28 28 28 28 28 28 28 28 28 28 28 28 28 28 28 28] nonZeroAmount:  43009 errors:  [2.55101980e-17 1.19580149e-27 9.12729386e-27 1.96550243e-26 1.61269640e-25 3.88967154e-24 2.44136783e-23 1.26551275e-23 1.20297706e-23 2.60115943e-23 4.95488497e-21 1.52652482e-19 1.08761372e-19 2.94221078e-19 2.31086309e-18 2.21807288e-16 8.11159375e-17 5.68400181e-17 8.68186973e-18]
error:  2.4660895998458607e-16 orders:  [29 29 29 29 29 29 29 29 29 29 29 29 29 29 29 29 29 29 29] nonZeroAmount:  46140 errors:  [2.37812093e-17 1.40839825e-27 2.51960571e-26 2.08121271e-25 1.38927878e-24 7.35395791e-24 3.10040797e-23 1.91979699e-22 1.34986544e-21 3.95537319e-21 2.32966397e-21 3.47291827e-20 3.61121899e-19 5.76779169e-18 2.94614850e-17 1.01253305e-16 4.31071537e-17 3.55935974e-17 7.24070046e-18]
error:  8.764138276765e-17 orders:  [30 30 30 30 30 30 30 30 30 30 30 30 30 30 30 30 30 30 30] nonZeroAmount:  49381 errors:  [2.22222201e-17 1.77970667e-28 1.02273002e-27 2.57557645e-26 1.84829732e-25 2.58454062e-25 1.48975925e-24 2.91382448e-23 2.92469964e-21 1.33371324e-20 2.96717791e-20 8.62669880e-20 1.91571278e-18 1.80481547e-18 9.41830830e-19 1.99068158e-17 8.02866780e-18 2.66118490e-17 6.07723938e-18]
error:  1.256406217636296e-16 orders:  [31 31 31 31 31 31 31 31 31 31 31 31 31 31 31 31 31 31 31] nonZeroAmount:  52732 errors:  [2.08116551e-17 6.68912235e-28 7.33520824e-27 4.73261133e-27 1.14557633e-25 1.82951101e-24 3.93671281e-23 7.40000955e-23 1.54767802e-21 7.42073259e-21 6.00236411e-20 5.24552694e-20 1.93518955e-19 9.46109511e-18 3.74225726e-17 2.81188336e-17 3.05033325e-18 2.13300441e-17 5.13100642e-18]
error:  6.428103996735545e-17 orders:  [32 32 32 32 32 32 32 32 32 32 32 32 32 32 32 32 32 32 32] nonZeroAmount:  56193 errors:  [1.95312512e-17 1.71555751e-27 7.34776977e-27 1.71182350e-26 7.46231714e-27 1.77742551e-24 2.07176354e-23 1.26917295e-22 2.06248927e-21 1.53797978e-20 4.45247168e-20 2.06363092e-19 7.04528281e-19 6.23860379e-18 7.01332701e-18 2.14605386e-18 3.16162612e-18 2.08610185e-17 4.35615165e-18]
error:  9.311159190298582e-17 orders:  [33 33 33 33 33 33 33 33 33 33 33 33 33 33 33 33 33 33 33] nonZeroAmount:  59764 errors:  [1.83654695e-17 5.03129022e-28 1.98867192e-28 1.14984844e-27 2.92374679e-27 3.65489607e-27 4.40842997e-24 4.10067571e-24 1.89702854e-23 1.90822282e-21 2.01671134e-20 3.96255036e-20 8.77807134e-20 5.74900189e-18 2.94671262e-17 2.00068665e-17 2.43504657e-18 1.32210451e-17 3.71752720e-18]
error:  4.1693357522304164e-16 orders:  [34 34 34 34 34 34 34 34 34 34 34 34 34 34 34 34 34 34 34] nonZeroAmount:  63445 errors:  [1.73010392e-17 1.90304585e-28 9.96324169e-28 2.41922597e-27 7.04039508e-25 3.52352404e-24 4.68289516e-23 2.03758398e-22 1.52087676e-22 9.29106294e-24 6.72116117e-21 6.37901263e-20 8.61327240e-19 2.30927958e-17 1.14266832e-16 5.96871304e-17 3.64444754e-17 1.62020945e-16 3.18810286e-18]
error:  9.723408591265819e-17 orders:  [35 35 35 35 35 35 35 35 35 35 35 35 35 35 35 35 35 35 35] nonZeroAmount:  67236 errors:  [1.63265310e-17 1.07639049e-27 9.63961408e-27 1.03670808e-25 7.69719511e-25 4.32897639e-25 4.75805116e-26 2.64570576e-23 1.57016223e-21 3.09365375e-20 8.90015472e-20 3.16519200e-19 5.19745798e-18 6.74344659e-18 1.94224776e-18 4.21058591e-18 1.12739274e-18 5.85018629e-17 2.74650576e-18]
error:  5.822669731021948e-17 orders:  [36 36 36 36 36 36 36 36 36 36 36 36 36 36 36 36 36 36 36] nonZeroAmount:  71137 errors:  [1.54320977e-17 9.92147631e-29 3.45128575e-28 5.15910514e-26 1.62160855e-24 1.59869510e-23 1.07883521e-22 2.99727177e-22 1.57532320e-22 2.43788434e-22 1.07251773e-20 3.27643872e-19 1.91774642e-18 4.98407633e-18 3.22511305e-18 3.15516222e-18 8.42478516e-18 1.83722359e-17 2.37628488e-18]
error:  6.628534221677342e-17 orders:  [37 37 37 37 37 37 37 37 37 37 37 37 37 37 37 37 37 37 37] nonZeroAmount:  75148 errors:  [1.46091928e-17 2.69613169e-26 2.19127530e-25 1.23358468e-24 5.71626783e-24 2.70208502e-23 3.16807457e-22 2.88319763e-21 2.28356720e-20 1.61327548e-19 6.53761979e-19 5.23799029e-19 3.62593022e-20 3.44554122e-20 1.21744513e-18 8.12960692e-19 4.28042331e-18 4.18652309e-17 2.06441617e-18]
error:  3.7774356346062686e-17 orders:  [38 38 38 38 38 38 38 38 38 38 38 38 38 38 38 38 38 38 38] nonZeroAmount:  79269 errors:  [1.38504208e-17 6.51667621e-27 3.32003120e-26 5.23696525e-25 4.02202634e-24 3.03848746e-23 2.74080278e-22 1.78562270e-21 4.36247350e-21 4.66341644e-20 4.55900596e-19 6.98891762e-19 2.24727551e-19 3.68096603e-18 7.79516278e-18 3.80934477e-18 3.76388935e-18 1.64162365e-18 1.80033774e-18]
error:  1.1286325250612618e-16 orders:  [39 39 39 39 39 39 39 39 39 39 39 39 39 39 39 39 39 39 39] nonZeroAmount:  83500 errors:  [1.31492420e-17 2.40414282e-27 2.33111682e-26 3.19868430e-25 2.33065198e-24 3.43130130e-23 3.43515909e-22 4.01568791e-22 1.23010231e-21 2.51361625e-20 1.68866956e-19 2.28115558e-19 7.02028618e-19 9.80762154e-18 1.92351724e-17 8.79386381e-18 1.06530318e-18 5.81100204e-17 1.57586971e-18]
error:  5.1840498290624e-17 orders:  [40 40 40 40 40 40 40 40 40 40 40 40 40 40 40 40 40 40 40] nonZeroAmount:  87841 errors:  [1.25000030e-17 4.95700996e-27 5.30533586e-26 3.35807578e-25 2.81575637e-24 2.30160098e-23 1.51554967e-22 5.74753829e-22 2.36849203e-21 1.17727355e-21 4.01128950e-20 4.78134636e-20 2.69154688e-18 5.29061213e-18 3.29952303e-18 9.28510889e-19 7.14242209e-19 2.49397702e-17 1.38406527e-18]
error:  3.2811355684589985e-17 orders:  [41 41 41 41 41 41 41 41 41 41 41 41 41 41 41 41 41 41 41] nonZeroAmount:  92292 errors:  [1.18976783e-17 6.39141940e-29 8.46467839e-27 1.66553552e-25 2.16746076e-24 1.66930921e-24 2.17372392e-24 1.93131486e-22 1.80411395e-22 1.28177157e-21 1.16861989e-19 8.64300670e-19 9.03508747e-19 1.55689733e-19 5.05516897e-19 1.17019208e-18 8.99028374e-18 6.98606060e-18 1.21960137e-18]
error:  1.1595818670581014e-16 orders:  [42 42 42 42 42 42 42 42 42 42 42 42 42 42 42 42 42 42 42] nonZeroAmount:  96853 errors:  [1.13378705e-17 8.11511385e-27 1.24945061e-25 7.16497715e-25 6.86456312e-24 3.47058752e-23 7.19698023e-23 2.18044645e-22 3.35987699e-21 9.64197388e-20 8.00227336e-19 1.33483486e-18 4.74154707e-19 3.37584954e-18 2.13955403e-17 3.10061059e-17 3.00677347e-18 4.20486151e-17 1.07810296e-18]
error:  2.879677002594046e-16 orders:  [43 43 43 43 43 43 43 43 43 43 43 43 43 43 43 43 43 43 43] nonZeroAmount:  101524 errors:  [1.08166543e-17 8.91530176e-27 3.47328542e-26 3.99639717e-25 5.22300433e-24 2.49428221e-23 1.23355580e-22 1.14415376e-22 9.15109701e-22 7.02418674e-20 3.14128655e-19 5.16645072e-19 1.26073608e-17 2.88232937e-17 1.19894242e-16 1.04821012e-16 7.87508019e-18 1.27207895e-18 9.55779433e-19]
error:  2.0783308578431796e-16 orders:  [44 44 44 44 44 44 44 44 44 44 44 44 44 44 44 44 44 44 44] nonZeroAmount:  106305 errors:  [1.03305744e-17 5.30614520e-27 6.39339308e-26 7.51682516e-25 5.70684233e-24 1.85361526e-23 3.67159001e-23 1.55406796e-22 2.07741409e-21 7.77173165e-20 4.54578895e-19 2.62045276e-19 3.03253179e-18 4.67841313e-17 4.12644925e-17 2.16841589e-17 3.38278127e-17 4.92629449e-17 8.49803161e-19]
error:  1.707796539470771e-16 orders:  [45 45 45 45 45 45 45 45 45 45 45 45 45 45 45 45 45 45 45] nonZeroAmount:  111196 errors:  [9.87654823e-18 2.75114537e-26 1.59185379e-25 1.18346427e-24 6.73860876e-24 1.99061384e-23 1.06626003e-22 1.91333554e-21 2.53559808e-21 9.33387572e-21 1.40911782e-19 1.63606488e-19 8.13101289e-20 5.82701656e-17 8.86551559e-17 9.52248436e-18 8.60630343e-19 2.43736584e-18 7.57557799e-19]
error:  2.8093838268133494e-16 orders:  [46 46 46 46 46 46 46 46 46 46 46 46 46 46 46 46 46 46 46] nonZeroAmount:  116197 errors:  [9.45179425e-18 1.37600561e-28 3.08865785e-26 8.83171775e-25 5.46953056e-24 2.27664477e-23 2.08637250e-23 3.80499594e-23 1.58109685e-21 2.68033493e-21 1.24280167e-20 1.54108350e-18 1.49694855e-17 4.82006142e-17 5.74755251e-17 2.31712785e-17 1.53623309e-17 1.10072304e-16 6.77189109e-19]
error:  3.8465303899211043e-16 orders:  [47 47 47 47 47 47 47 47 47 47 47 47 47 47 47 47 47 47 47] nonZeroAmount:  121308 errors:  [9.05386747e-18 7.43830529e-27 1.34208313e-25 1.74401523e-24 8.99253092e-24 6.99002909e-23 4.54536130e-22 3.80716197e-21 3.37833377e-20 1.04357422e-19 2.41807139e-19 7.39525218e-19 1.59234725e-18 4.46865277e-17 1.66262701e-16 1.21966754e-16 2.55557597e-17 1.38045880e-17 6.06679049e-19]
error:  3.8416901023849136e-16 orders:  [48 48 48 48 48 48 48 48 48 48 48 48 48 48 48 48 48 48 48] nonZeroAmount:  126529 errors:  [8.68055742e-18 1.04735367e-27 1.93486791e-26 1.86021613e-25 1.70317450e-24 3.11389996e-23 2.31074805e-22 4.31332194e-22 4.20148292e-21 1.19930920e-20 7.15635037e-21 1.31893128e-18 2.41136361e-17 3.30307921e-17 2.26305147e-17 1.18764866e-17 1.88119304e-17 2.63137026e-16 5.45089107e-19]
error:  1.5788822275876993e-16 orders:  [49 49 49 49 49 49 49 49 49 49 49 49 49 49 49 49 49 49 49] nonZeroAmount:  131860 errors:  [8.32986359e-18 3.16856614e-27 5.47991615e-27 1.24945414e-25 6.28025932e-25 9.31647867e-24 9.08395132e-23 3.40006222e-21 1.46339825e-20 8.64811525e-20 8.85141920e-19 5.27131068e-19 2.52993835e-19 2.05127947e-18 7.34378886e-17 6.63648389e-17 3.27679798e-19 5.11633221e-18 4.90457271e-19]
error:  2.5596783364109626e-16 orders:  [50 50 50 50 50 50 50 50 50 50 50 50 50 50 50 50 50 50 50] nonZeroAmount:  137301 errors:  [7.99999551e-18 2.54934308e-26 2.26275410e-25 1.64544451e-24 9.02596957e-24 6.25853383e-23 3.22312475e-22 1.03297700e-21 1.41435755e-20 1.18052346e-19 1.42215463e-19 1.34668848e-19 7.84048772e-18 5.17790487e-17 3.76478023e-17 3.95259325e-17 2.94056277e-17 8.09158892e-17 4.42541057e-19]
error:  1.020364870208267e-15 orders:  [51 51 51 51 51 51 51 51 51 51 51 51 51 51 51 51 51 51 51] nonZeroAmount:  142852 errors:  [7.68935243e-18 1.61240225e-26 1.54146408e-25 7.54737373e-25 2.15041578e-24 8.33531173e-24 6.41874787e-23 8.56635644e-22 4.45778456e-21 3.95978189e-20 1.13256765e-18 9.78604133e-18 4.05013923e-17 1.49056526e-16 4.39011084e-16 3.30277916e-16 3.50059971e-17 7.45904829e-18 3.99957212e-19]
error:  2.3536968759739205e-16 orders:  [52 52 52 52 52 52 52 52 52 52 52 52 52 52 52 52 52 52 52] nonZeroAmount:  148513 errors:  [7.39644996e-18 1.30228028e-26 1.34433775e-25 1.82257629e-25 4.50979864e-24 1.28896258e-22 3.01431354e-22 1.58758189e-21 1.67631789e-20 1.16718161e-20 1.34767435e-19 4.98925027e-19 4.15589487e-19 2.49571284e-18 2.74575020e-18 4.47290891e-17 6.45495337e-17 1.12011060e-16 3.62351815e-19]
error:  4.931574656205004e-16 orders:  [53 53 53 53 53 53 53 53 53 53 53 53 53 53 53 53 53 53 53] nonZeroAmount:  154284 errors:  [7.11997253e-18 2.52222795e-27 7.09930578e-27 8.73673337e-25 7.97470642e-24 3.21818228e-23 7.08615163e-23 3.19171523e-22 5.54480472e-21 6.30055091e-21 5.76982721e-21 8.53582489e-21 9.93425101e-19 3.27237319e-17 7.20364281e-17 9.27941807e-17 1.79632274e-17 2.69170907e-16 3.29010978e-19]
error:  1.3401270779081435e-15 orders:  [54 54 54 54 54 54 54 54 54 54 54 54 54 54 54 54 54 54 54] nonZeroAmount:  160165 errors:  [6.85871432e-18 2.31715164e-26 1.44781359e-25 3.85888431e-24 1.99532995e-23 4.66551504e-23 2.07187063e-22 6.61480541e-22 2.29001832e-21 1.08629306e-20 4.52027224e-20 3.81326616e-20 7.78137077e-18 5.71199684e-17 5.03292286e-16 6.07241853e-16 1.33105781e-16 2.43307663e-17 2.98911181e-19]
error:  1.0294080929634752e-15 orders:  [55 55 55 55 55 55 55 55 55 55 55 55 55 55 55 55 55 55 55] nonZeroAmount:  166156 errors:  [6.61156490e-18 6.80462821e-26 7.25703020e-25 5.78677221e-24 3.71216854e-23 2.00086840e-22 8.90842758e-22 5.94209956e-22 6.49319641e-23 8.55672152e-20 2.39993946e-18 2.86315322e-18 1.68955451e-18 1.16624799e-17 1.57185732e-17 2.65887957e-17 1.06124760e-16 8.55388842e-16 2.73069744e-19]
error:  5.405440978127929e-16 orders:  [56 56 56 56 56 56 56 56 56 56 56 56 56 56 56 56 56 56 56] nonZeroAmount:  172257 errors:  [6.37754780e-18 2.81762980e-26 2.61624077e-25 2.06167355e-24 6.51214900e-24 4.47132692e-23 4.68144138e-22 1.46013828e-21 1.67005975e-20 1.07974145e-20 3.05552216e-21 3.19513408e-19 1.46253731e-17 3.78060902e-17 1.18870005e-16 1.13754488e-16 3.71654693e-17 2.11344491e-16 2.48584070e-19]
error:  7.58268981120476e-16 orders:  [57 57 57 57 57 57 57 57 57 57 57 57 57 57 57 57 57 57 57] nonZeroAmount:  178468 errors:  [6.15573764e-18 2.05832258e-26 3.93359332e-25 2.79271352e-24 7.13223190e-24 1.54323991e-23 5.30599266e-22 1.58585343e-21 9.99624155e-21 2.85351043e-20 1.06038007e-19 3.31080301e-19 3.26999793e-17 5.70552854e-17 1.22870598e-16 2.13018741e-16 1.01855081e-16 2.23908632e-16 2.27134268e-19]
error:  1.6745012757377913e-15 orders:  [58 58 58 58 58 58 58 58 58 58 58 58 58 58 58 58 58 58 58] nonZeroAmount:  184789 errors:  [5.94530932e-18 1.00784500e-25 3.73579472e-25 3.46174193e-25 2.37778441e-24 2.17183383e-24 2.20536773e-23 9.96685398e-22 5.18886120e-21 2.05795639e-19 2.25729951e-18 2.05376479e-17 2.57834772e-16 2.75499047e-16 2.54451830e-16 3.61201137e-16 1.68570853e-16 3.27783330e-16 2.08040314e-19]
error:  2.317080801322716e-15 orders:  [59 59 59 59 59 59 59 59 59 59 59 59 59 59 59 59 59 59 59] nonZeroAmount:  191220 errors:  [5.74547155e-18 2.28721168e-26 1.55389840e-25 1.72038656e-24 9.47082739e-24 2.16939410e-23 5.47889347e-22 6.11689487e-21 4.46048425e-20 8.90472252e-20 6.15318133e-19 2.27259739e-18 3.09502136e-18 1.37589928e-16 1.03530050e-15 9.95670218e-16 1.32054763e-16 4.40614730e-18 1.90486910e-19]

error:  0.3519648048131213 mesh:  [0.         0.34644109 1.45343698        inf] orders:  [2 2 2] nonZeroAmount:  21 errors:  [0.2754138  0.0117861  0.06476491]
error:  0.0702395731078474 mesh:  [0.         0.18305136 1.27998781        inf] orders:  [3 3 3] nonZeroAmount:  52 errors:  [0.05853161 0.00261691 0.00909105]
error:  0.023098625652460812 mesh:  [0.         0.11527714 1.1756338         inf] orders:  [4 4 4] nonZeroAmount:  97 errors:  [0.01969074 0.00094279 0.00246509]
error:  0.009823230677940177 mesh:  [0.         0.08096665 1.13034937        inf] orders:  [5 5 5] nonZeroAmount:  156 errors:  [0.00853727 0.00043584 0.00085012]
error:  0.004944838553925929 mesh:  [0.         0.06067842 1.09969686        inf] orders:  [6 6 6] nonZeroAmount:  229 errors:  [0.0043345  0.00023532 0.00037501]
error:  0.0027713236744231805 mesh:  [0.         0.04757066 1.0817118         inf] orders:  [7 7 7] nonZeroAmount:  316 errors:  [0.0024466  0.00014037 0.00018435]
error:  0.001684919265812306 mesh:  [0.         0.03849345 1.06806212        inf] orders:  [8 8 8] nonZeroAmount:  417 errors:  [1.49306352e-03 9.02270594e-05 1.01628690e-04]
error:  0.0010864274277045467 mesh:  [0.         0.03195651 1.05908652        inf] orders:  [9 9 9] nonZeroAmount:  532 errors:  [9.66090989e-04 6.10737072e-05 5.92627317e-05]
error:  0.0007349753947197501 mesh:  [0.         0.02704534 1.05173669        inf] orders:  [10 10 10] nonZeroAmount:  661 errors:  [6.54898535e-04 4.31121282e-05 3.69647313e-05]
error:  0.000516025365976776 mesh:  [0.         0.02321801 1.04608037        inf] orders:  [11 11 11] nonZeroAmount:  804 errors:  [4.60374888e-04 3.15595772e-05 2.40909004e-05]
error:  0.00037396929015614405 mesh:  [0.         0.02020356 1.04154177        inf] orders:  [12 12 12] nonZeroAmount:  961 errors:  [3.33935782e-04 2.37289407e-05 1.63045670e-05]
error:  0.0002780485100485551 mesh:  [0.         0.0177762  1.03789508        inf] orders:  [13 13 13] nonZeroAmount:  1132 errors:  [2.48446626e-04 1.82315746e-05 1.13703095e-05]
error:  0.00021143649269002982 mesh:  [0.         0.01577786 1.03467741        inf] orders:  [14 14 14] nonZeroAmount:  1317 errors:  [1.88954343e-04 1.43016025e-05 8.18054754e-06]
error:  0.00016382312956342393 mesh:  [0.         0.01412951 1.03231779        inf] orders:  [15 15 15] nonZeroAmount:  1516 errors:  [1.46470144e-04 1.13860948e-05 5.96689104e-06]
error:  0.00012908402914139257 mesh:  [0.         0.01272954 1.03010494        inf] orders:  [16 16 16] nonZeroAmount:  1729 errors:  [1.15400418e-04 9.21905971e-06 4.46455108e-06]
error:  0.00010317692174171667 mesh:  [0.         0.01154408 1.02800499        inf] orders:  [17 17 17] nonZeroAmount:  1956 errors:  [9.22182767e-05 7.54088716e-06 3.41775785e-06]
error:  8.355199097091752e-05 mesh:  [0.         0.01052798 1.02637922        inf] orders:  [18 18 18] nonZeroAmount:  2197 errors:  [7.46707379e-05 6.24080846e-06 2.64044458e-06]
error:  6.842756983275012e-05 mesh:  [0.         0.00964736 1.02488893        inf] orders:  [19 19 19] nonZeroAmount:  2452 errors:  [6.11396898e-05 5.21566697e-06 2.07221306e-06]
error:  5.662762287974775e-05 mesh:  [0.         0.00887963 1.02351155        inf] orders:  [20 20 20] nonZeroAmount:  2721 errors:  [5.05817180e-05 4.39639374e-06 1.64951111e-06]
error:  4.729394315859857e-05 mesh:  [0.         0.0082361  1.02266479        inf] orders:  [21 21 21] nonZeroAmount:  3004 errors:  [4.22887364e-05 3.69456108e-06 1.31064563e-06]
error:  3.98333462740958e-05 mesh:  [0.         0.00760385 1.02132128        inf] orders:  [22 22 22] nonZeroAmount:  3301 errors:  [3.55517553e-05 3.20751225e-06 1.07407877e-06]
error:  3.509547088367778e-05 mesh:  [0.         0.00823108 1.02972735        inf] orders:  [23 23 23] nonZeroAmount:  3612 errors:  [3.27704235e-05 1.66721039e-06 6.57837033e-07]
error:  2.8892388529396678e-05 mesh:  [0.         0.00659904 1.01950358        inf] orders:  [24 24 24] nonZeroAmount:  3937 errors:  [2.57646878e-05 2.40104032e-06 7.26660433e-07]
error:  2.485069697537161e-05 mesh:  [0.         0.00617002 1.01866811        inf] orders:  [25 25 25] nonZeroAmount:  4276 errors:  [2.21452095e-05 2.09947189e-06 6.06015549e-07]
error:  2.1502834878380285e-05 mesh:  [0.         0.00578616 1.01797942        inf] orders:  [26 26 26] nonZeroAmount:  4629 errors:  [1.91523452e-05 1.84306575e-06 5.07423928e-07]
error:  1.870651616422648e-05 mesh:  [0.         0.00544745 1.01733588        inf] orders:  [27 27 27] nonZeroAmount:  4996 errors:  [1.66620385e-05 1.61657984e-06 4.27897824e-07]
error:  1.6357592819073286e-05 mesh:  [0.         0.00513133 1.01671493        inf] orders:  [28 28 28] nonZeroAmount:  5377 errors:  [1.45617091e-05 1.43239606e-06 3.63487622e-07]
error:  1.4370183515476273e-05 mesh:  [0.         0.00483779 1.01601495        inf] orders:  [29 29 29] nonZeroAmount:  5772 errors:  [1.27787852e-05 1.27913928e-06 3.12259055e-07]
error:  1.268051372440168e-05 mesh:  [0.         0.00457812 1.01555206        inf] orders:  [30 30 30] nonZeroAmount:  6181 errors:  [1.12731007e-05 1.14004725e-06 2.67365799e-07]
error:  1.12348290851202e-05 mesh:  [0.         0.00434103 1.01501013        inf] orders:  [31 31 31] nonZeroAmount:  6604 errors:  [9.98517981e-06 1.01837005e-06 2.31279222e-07]
error:  9.992837868559151e-06 mesh:  [0.         0.00411523 1.01458111        inf] orders:  [32 32 32] nonZeroAmount:  7041 errors:  [8.87304647e-06 9.19543670e-07 2.00247733e-07]
error:  8.919713080892022e-06 mesh:  [0.         0.00391201 1.01407306        inf] orders:  [33 33 33] nonZeroAmount:  7492 errors:  [7.91584207e-06 8.28814409e-07 1.75056598e-07]
error:  7.98921228054543e-06 mesh:  [0.         0.00373136 1.01379081        inf] orders:  [34 34 34] nonZeroAmount:  7957 errors:  [7.09246656e-06 7.44592320e-07 1.52153403e-07]
error:  7.178350862982822e-06 mesh:  [0.         0.00355072 1.01330533        inf] orders:  [35 35 35] nonZeroAmount:  8436 errors:  [6.36441630e-06 6.79636046e-07 1.34298520e-07]
error:  6.46947407578777e-06 mesh:  [0.         0.00339266 1.01294405        inf] orders:  [36 36 36] nonZeroAmount:  8929 errors:  [5.73536084e-06 6.15754332e-07 1.18358903e-07]
error:  5.8469699464256545e-06 mesh:  [0.         0.00324589 1.01269567        inf] orders:  [37 37 37] nonZeroAmount:  9436 errors:  [5.18347046e-06 5.59353119e-07 1.04146371e-07]
error:  5.298835331187911e-06 mesh:  [0.         0.00310665 1.01235321        inf] orders:  [38 38 38] nonZeroAmount:  9957 errors:  [4.69573648e-06 5.10602184e-07 9.24966718e-08]
error:  4.8141689630694615e-06 mesh:  [0.         0.00297493 1.01201827        inf] orders:  [39 39 39] nonZeroAmount:  10492 errors:  [4.26350425e-06 4.68209589e-07 8.24551272e-08]
error:  4.384611890665829e-06 mesh:  [0.         0.0028545  1.01179623        inf] orders:  [40 40 40] nonZeroAmount:  11041 errors:  [3.88241607e-06 4.28882710e-07 7.33131137e-08]
error:  4.0024893071344475e-06 mesh:  [0.         0.00274537 1.01155161        inf] orders:  [41 41 41] nonZeroAmount:  11604 errors:  [3.54546666e-06 3.91512105e-07 6.55105423e-08]
error:  3.675844985528457e-06 mesh:  [0.         0.00274411 1.01509544        inf] orders:  [42 42 42] nonZeroAmount:  12181 errors:  [3.31419828e-06 3.13525458e-07 4.81212518e-08]
error:  3.4006801539093553e-06 mesh:  [0.         0.00274411 1.01509544        inf] orders:  [43 43 43] nonZeroAmount:  12772 errors:  [3.11181877e-06 2.46210710e-07 4.26506750e-08]
error:  3.167804295205357e-06 mesh:  [0.         0.00274411 1.01517447        inf] orders:  [44 44 44] nonZeroAmount:  13377 errors:  [2.93668108e-06 1.93350895e-07 3.77723163e-08]
error:  2.9678120240651264e-06 mesh:  [0.         0.00274411 1.01783892        inf] orders:  [45 45 45] nonZeroAmount:  13996 errors:  [2.78389830e-06 1.53907699e-07 3.00060272e-08]
error:  2.7947402557467296e-06 mesh:  [0.         0.00274411 1.02332589        inf] orders:  [46 46 46] nonZeroAmount:  14629 errors:  [2.64827907e-06 1.24444273e-07 2.20169086e-08]
error:  2.648350971627798e-06 mesh:  [0.         0.00274411 1.03978679        inf] orders:  [47 47 47] nonZeroAmount:  15276 errors:  [2.52846931e-06 1.06950512e-07 1.29311506e-08]
error:  2.5092515157551937e-06 mesh:  [0.         0.00274411 1.03978679        inf] orders:  [48 48 48] nonZeroAmount:  15937 errors:  [2.41353883e-06 8.41003674e-08 1.16123153e-08]