error:  0.8915893958826574 mesh:  [0.         0.41539898 1.61802466 4.58904006        inf] orders:  [2 2 2 2] nonZeroAmount:  33 errors:  [0.40205104 0.04458812 0.00937698 0.43557326]
error:  0.6632605333805984 mesh:  [0.         0.93032058 2.53225451 6.45094208        inf] orders:  [3 2 2 2] nonZeroAmount:  42 errors:  [0.32904758 0.01833368 0.00598157 0.30989771]
error:  0.6104077352084178 mesh:  [0.         0.27935574 2.64302261 6.84534731        inf] orders:  [2 3 2 2] nonZeroAmount:  46 errors:  [0.2694312  0.04241737 0.00649963 0.29205954]
error:  0.6376600980356983 mesh:  [0.         0.28529673 1.12658755 6.36144031        inf] orders:  [2 2 3 2] nonZeroAmount:  44 errors:  [0.27903188 0.03395186 0.0102502  0.31442615]

error:  0.4466837951104282 mesh:  [0.         0.19626387 0.77943277 2.14668125        inf] orders:  [2 2 2 3] nonZeroAmount:  40 errors:  [0.18845727 0.02067038 0.00460561 0.23295054]
error:  0.3355095615368543 mesh:  [0.         0.43954967 1.29500058 2.97479308        inf] orders:  [3 2 2 3] nonZeroAmount:  49 errors:  [0.15540715 0.00919373 0.00280324 0.16810545]
error:  0.31671702120185685 mesh:  [0.         0.1570726  1.49401752 3.34647373        inf] orders:  [2 3 2 3] nonZeroAmount:  53 errors:  [0.14657899 0.01807115 0.00263847 0.14942842]
error:  0.307478994109085 mesh:  [0.         0.12038393 0.47263158 3.02999387        inf] orders:  [2 2 3 3] nonZeroAmount:  53 errors:  [0.12046308 0.01658228 0.0054617  0.16497194]
error:  0.29187587192721554 mesh:  [0.         0.1279291  0.50715148 1.46255399        inf] orders:  [2 2 2 4] nonZeroAmount:  49 errors:  [0.12317324 0.0137585  0.00305821 0.15188592]

error:  0.20071668041188384 mesh:  [0.         0.08365926 0.32891746 2.16046847        inf] orders:  [2 2 3 4] nonZeroAmount:  64 errors:  [0.08326539 0.01114623 0.00344116 0.1028639 ]
error:  0.14818398506783925 mesh:  [0.         0.05739067 0.53451722 2.79203366        inf] orders:  [2 3 3 4] nonZeroAmount:  79 errors:  [0.05602841 0.01003331 0.00252494 0.07959733]

error:  0.11137793455076922 mesh:  [0.         0.04334241 0.40354186 3.78549981        inf] orders:  [2 3 4 4] nonZeroAmount:  98 errors:  [0.04257622 0.00796721 0.00213767 0.05869684]

error:  0.08991027293715696 mesh:  [0.         0.03346781 0.56496135 4.52196005        inf] orders:  [2 4 4 4] nonZeroAmount:  117 errors:  [0.03220586 0.00666688 0.00189991 0.04913762]

error:  0.07133791353851979 mesh:  [0.         0.07548893 0.89624327 5.78723626        inf] orders:  [3 4 4 4] nonZeroAmount:  130 errors:  [0.02719555 0.0040681  0.0016799  0.03839436]
