error:  0.7120118828729602 mesh:  [0.         0.19986283 1.40356653 3.41591221 7.73689986        inf] orders:  [2 2 2 2 2] nonZeroAmount:  45 errors:  [0.33965709 0.10252706 0.0081531  0.00324318 0.25843145]

error:  0.34798293435802374 mesh:  [0.         0.17901235 0.78271605 1.70864198 3.56049383        inf] orders:  [2 2 2 2 3] nonZeroAmount:  52 errors:  [0.18171226 0.0208081  0.0031844  0.00182862 0.14044955]

error:  0.2783899929519934 mesh:  [0.         0.17791495 0.77914952 1.5569273  6.01508916        inf] orders:  [2 2 2 3 3] nonZeroAmount:  65 errors:  [0.17404606 0.01648885 0.00224713 0.00250466 0.0831033 ]
error:  0.22563165962960005 mesh:  [0.         0.13374486 0.41893004 1.06090535 2.23374486        inf] orders:  [2 2 2 2 4] nonZeroAmount:  61 errors:  [0.11157754 0.00999838 0.00322395 0.00138398 0.09944782]
error:  0.08714729576052055 mesh:  [0.         0.03333333 0.30617284 1.57366255 5.38024691        inf] orders:  [2 3 3 3 4] nonZeroAmount:  106 errors:  [0.03367924 0.00798777 0.0027763  0.00139675 0.04130724]
error:  0.050174835720550225 mesh:  [0.         0.01781893 0.14888889 0.72707819 4.62831276        inf] orders:  [2 3 3 4 5] nonZeroAmount:  140 errors:  [0.01676001 0.00365061 0.00172222 0.00103261 0.02700939]
error:  0.03986613845837294 mesh:  [0.         0.01567901 0.14271605 0.70444444 4.30938272        inf] orders:  [2 3 3 4 6] nonZeroAmount:  157 errors:  [0.01564436 0.00355671 0.00132431 0.00077855 0.01856222]
error:  0.02761801283770127 mesh:  [0.         0.01559671 0.12650206 1.01744856 7.55242798        inf] orders:  [2 3 4 5 6] nonZeroAmount:  205 errors:  [0.01361332 0.00197471 0.00084382 0.00059311 0.01059305]
error:  0.021488970955491835 mesh:  [0.         0.00712442 0.11908652 0.89258446 6.95964741        inf] orders:  [2 4 4 5 6] nonZeroAmount:  224 errors:  [0.00693542 0.00169116 0.0007772  0.0005899  0.0114953 ]
error:  0.012483026432190295 mesh:  [0.00000000e+00 4.04359148e-03 7.43453748e-02 6.18658740e-01
 7.17108672e+00            inf] orders:  [2 4 4 6 8] nonZeroAmount:  301 errors:  [0.00439873 0.00150457 0.0005645  0.00032368 0.00569155]